1.57798
1.0259
1.56915
1.30629
1.44917
1.58843
1.42802
1.46568
1.11607
1.472
1.67182
1.64608
1.42386
1.34377
1.2683
1.3709
1.38824
1.05284
1.23034
1.44096
1.68276
1.37887
1.56952
1.54607
0.901594
1.6401
1.67547
1.32537
0.967574
1.45256
1.17898
1.21421
1.12306
1.42607
1.26274
1.33563
1.30225
1.61849
1.41758
1.24322
0.979199
0.660413
1.63806
1.50941
1.59669
1.60336
0.990163
1.67293
1.05246
1.4199
1.44221
1.21396
1.24175
0.911406
1.5039
0.990381
1.36262
1.31499
1.19286
1.64588
1.21763
1.63154
1.58972
1.57066
1.43737
1.54501
1.53053
1.52518
1.17513
1.28614
0.927066
1.35783
1.28928
1.30135
1.51118
0.945336
1.37838
1.24767
1.58732
1.11765
1.36501
1.2507
1.34891
0.835271
1.23198
1.6789
1.36735
1.31609
1.49512
1.31727
1.13354
1.01972
1.35471
0.801229
0.847227
1.50934
1.57453
1.46196
1.40177
1.6356
1.47877
1.49919
1.37335
1.3466
1.43363
1.92161
1.34665
0.762526
1.42485
1.11234
1.40718
1.40931
1.45454
0.946995
1.13532
1.65171
1.48952
1.47143
1.46182
1.42709
1.19875
1.29337
1.43483
1.30672
1.37335
1.49023
1.35772
0.968737
1.2552
0.947568
0.889874
1.54272
1.38154
1.79976
0.915279
1.51539
1.15117
1.04807
1.3282
1.40552
1.53643
0.974999
1.27091
1.51874
1.57546
1.33836
1.36513
1.21264
1.49908
0.98272
1.57862
1.2336
1.35101
1.18235
1.15473
1.56179
1.39205
1.21783
1.09205
1.29082
1.4718
1.7246
1.38338
0.909274
1.35295
1.18515
1.118
1.186
1.14319
1.33426
1.01035
1.64575
1.40707
1.06743
1.12976
1.24285
1.38679
1.55366
1.29664
1.36011
1.61381
1.70334
1.29454
1.36877
1.17827
1.31086
1.45945
0.782663
1.45232
1.40862
1.26777
1.34098
1.54675
1.2646
1.5502
1.11557
1.18853
1.39023
0.919313
1.39796
1.30171
1.22869
1.2951
0.903915
1.46485
1.02876
1.6372
1.0864
0.911195
1.08057
1.48052
1.44076
0.840421
0.903117
0.829215
1.11195
1.20611
1.15945
1.32805
1.19217
1.22705
1.25501
1.22128
1.31188
1.16508
0.914418
1.10206
1.05958
0.765655
0.889152
1.10677
1.40212
1.33516
1.15403
1.02142
1.28485
0.910531
1.36755
1.42038
1.31408
0.859058
1.05445
1.5055
0.747004
1.31586
1.09852
1.19389
1.0159
1.24475
0.867863
1.36473
1.24867
1.19211
1.12331
1.64167
0.905328
1.48299
1.22908
0.891597
1.56318
1.32005
1.48062
1.21493
1.17437
0.907218
1.30696
0.822815
1.23594
0.70055
1.13698
1.20421
1.43403
1.44294
1.32975
0.929184
1.20377
1.18233
0.550632
1.0974
1.0266
1.59397
1.28785
1.23603
1.13191
1.36391
0.959572
1.03841
1.0083
0.89947
0.860188
1.49374
1.13387
1.36459
1.22293
1.34482
0.680425
0.97939
1.39039
1.13041
1.32646
1.1917
1.31368
1.66676
1.15559
1.06893
1.06771
1.34702
1.2998
1.52672
1.27134
1.50763
1.00101
1.03004
1.1719
1.25105
1.7776
1.21022
0.676125
1.73306
1.30509
1.26178
1.36174
1.05439
1.34501
1.22163
0.994187
1.50538
1.16085
1.54457
0.92555
1.09889
1.71176
1.20634
1.5091
1.40283
1.6495
1.21949
1.30418
1.37138
1.24006
1.28635
1.22564
1.30214
1.63903
1.15289
1.13758
1.32181
1.24416
1.16299
1.29038
1.83268
0.964479
0.535043
1.30598
1.46861
1.39151
1.55389
1.08358
1.10837
1.55687
0.968011
1.18667
0.950614
1.15902
1.32553
1.72279
1.23939
1.5329
1.28057
1.70096
1.08376
1.22238
1.04002
1.33932
1.27958
1.27873
1.29732
0.980044
1.07164
0.950962
1.407
1.47708
1.24593
1.45613
1.19681
1.36951
1.62873
0.994013
1.00453
1.04678
1.28473
1.5916
1.39917
1.64372
1.14254
1.48087
1.46953
1.57692
1.35959
1.03962
1.30223
1.67185
1.46918
0.731292
0.896312
0.803893
1.05623
1.27041
1.43352
1.30244
1.21078
1.43853
0.983553
1.63154
1.4319
1.29236
1.42024
1.19114
1.23493
1.05781
0.890502
1.58783
1.43737
1.40162
1.29747
0.831467
1.45541
0.887314
1.38658
1.11269
1.45431
0.98036
1.30267
1.43912
0.932612
1.29474
0.621984
1.43172
1.40823
1.29845
0.951776
1.19774
1.13982
0.82567
1.38836
1.56623
1.14481
1.18512
1.20494
1.30693
1.7195
1.0012
1.3256
1.11253
1.13079
1.09868
1.1843
1.16156
1.26178
0.789117
1.36826
1.22141
1.42085
1.40048
1.55718
1.20863
0.927786
1.30874
1.13842
1.23743
1.05181
1.30713
1.45891
1.47772
1.26724
1.30873
0.738335
1.28507
1.02125
1.14988
0.958437
1.57921
1.36406
1.26408
0.860768
1.14084
1.43433
1.26784
1.20122
1.2043
1.31679
1.48682
1.24507
1.292
1.1761
1.28275
1.23863
1.46021
1.36
1.50349
1.08146
1.28706
1.34656
1.24709
1.5979
1.37786
0.88672
1.40346
1.18924
1.05982
1.40277
0.927026
1.19511
1.2548
1.14675
1.43546
1.25807
1.52535
0.976769
1.03707
1.37216
0.992981
1.40935
1.35364
1.53986
1.16738
1.3102
1.59543
1.29103
1.35528
1.16484
1.45088
1.47374
1.11656
1.04914
1.23772
0.869704
1.27851
1.39668
1.52465
1.09864
0.8056
1.36973
1.59655
1.31888
1.3035
0.601419
1.31064
1.3953
0.802594
1.06054
1.17624
1.28733
1.27404
1.7355
1.02386
1.56485
1.24507
1.63746
1.32916
0.926757
1.09702
1.44715
1.11026
1.13018
1.42765
0.830318
1.36685
0.905582
1.41287
1.3609
1.1685
1.29339
1.26975
1.24044
1.53787
1.13765
1.1288
1.07214
1.33232
1.36358
1.41333
1.24518
0.852104
1.75392
1.20128
1.11199
1.41589
1.29917
1.40628
1.7054
1.44341
1.36126
1.09261
1.38702
1.19954
1.28343
1.84643
1.14621
1.18677
1.48139
1.39811
1.10477
1.1926
1.1611
1.05151
1.35144
0.990866
1.62499
1.36408
1.5971
0.957319
1.09952
1.44676
1.43312
1.42349
1.56094
1.51277
1.24843
1.53651
1.65614
1.06934
1.34213
1.35619
1.29272
1.13492
1.29331
1.06522
1.64883
1.44215
1.57728
1.24951
1.77496
0.786388
1.14399
1.43063
1.5117
1.4535
1.55005
1.32158
1.31936
1.59491
0.754643
1.47793
1.0278
1.14569
1.49511
1.67115
1.29992
1.76693
1.51787
1.24503
1.27181
1.32305
1.41689
1.10999
1.54039
1.22009
1.76647
1.14748
1.23282
1.22764
1.48002
1.74613
1.27288
1.20335
1.00672
1.4758
1.33026
1.23065
0.899319
1.3714
1.00172
1.29116
0.920424
1.27151
1.18138
0.74697
1.56518
1.40836
1.21233
1.33697
1.20968
0.791828
1.30954
1.22565
1.32997
1.51309
0.584678
1.22585
1.48752
1.38813
1.2646
1.47709
1.28866
1.04976
1.31112
1.07592
1.33589
0.874118
1.44743
1.24919
1.13089
1.58733
0.793956
1.28703
1.26055
0.73282
1.0049
0.865869
1.40758
1.44801
1.2414
1.07953
1.07486
1.44626
1.28804
1.2516
1.03226
0.988437
1.0535
1.54106
1.47674
0.851571
1.17777
1.19757
1.41321
1.45141
1.15075
1.03635
1.30915
1.30254
1.21026
1.28582
1.27903
1.34867
1.09741
0.861373
1.49184
1.08254
1.51385
1.25426
1.043
1.1828
1.39902
1.16947
1.5025
1.2184
1.30944
1.11208
1.30854
1.2401
1.07903
1.16496
1.16798
1.49574
1.6052
1.25672
1.23712
0.941994
0.878541
0.904375
1.08355
1.44937
1.23634
1.379
1.44597
1.62092
1.07329
1.57763
1.3821
1.51051
1.69346
1.35701
1.02159
1.61067
1.28193
1.20113
1.55797
1.16355
1.50326
1.5881
1.36499
1.44586
1.47974
1.61572
1.3018
1.42706
1.49116
1.20974
1.12982
1.05682
1.41297
1.57385
1.55827
1.28674
1.69427
1.32752
1.30379
1.64126
1.32719
1.47773
1.3722
1.5598
1.43087
1.37631
1.65618
1.45694
1.51308
1.10699
1.24897
1.38437
1.66986
1.44856
1.02327
1.69421
1.36956
1.47531
1.39978
1.18042
1.30913
1.8448
1.32646
1.42533
1.53218
1.37716
1.52792
1.11202
1.17029
1.5386
1.63473
1.50608
1.55498
1.21344
1.50261
1.18295
1.44988
1.48731
1.33977
1.0501
1.36181
1.62856
1.11455
1.09186
0.917685
1.52339
1.70893
1.49259
1.54247
1.4045
1.21617
1.43494
0.717457
1.34783
1.54975
1.17668
1.28083
1.06997
1.28181
1.10646
1.06951
1.1815
1.35191
1.0469
0.978033
1.22127
1.06855
1.08476
1.07962
1.40712
0.953591
1.13917
1.22178
0.946238
1.39115
1.20775
1.11498
1.01675
0.932968
0.66748
1.12159
0.831841
1.16631
1.58457
1.06291
1.07262
1.32386
0.896114
1.44951
1.42587
1.05753
1.02154
0.892837
1.23219
1.28103
1.18179
1.21406
0.954034
1.20556
1.14964
1.07074
1.1595
0.92292
1.04464
0.883607
1.16604
1.06817
1.49767
0.713419
1.13004
1.49974
1.2568
1.31676
1.17979
0.91742
1.00256
1.09782
1.00975
1.01041
1.18231
1.14535
0.854463
0.974387
0.974433
1.16488
1.08392
1.22967
1.21475
1.20893
0.843376
1.26298
1.55177
0.867978
1.02476
0.741089
0.961166
0.955806
0.713239
0.96404
1.19785
1.21035
1.32783
1.0538
1.25287
1.08554
1.31936
0.791893
0.862333
1.35183
1.11573
0.742351
0.896127
1.49819
1.17657
1.49374
1.32478
1.10234
1.08587
0.892928
1.32333
1.08556
1.19051
1.31821
1.31195
1.02724
0.962219
0.929515
0.818907
1.36485
1.10421
1.46546
0.76584
1.14447
1.13205
0.935406
1.31235
1.2593
1.11781
0.820226
1.03566
1.36285
1.25248
0.908764
1.23256
0.848313
1.49614
0.880283
1.48395
1.0455
1.14288
0.882936
1.16547
1.39847
1.0258
1.06178
0.945658
1.12449
1.37519
1.37461
0.83882
1.06756
1.19754
1.11947
1.16176
1.16214
0.972747
1.03387
0.732068
1.5421
1.13021
1.16473
0.884757
0.788959
1.39597
1.37776
1.29885
1.11616
1.42444
1.39844
1.21738
0.98756
0.827008
0.926641
1.06746
0.692201
1.35327
1.36727
1.27065
1.29803
1.30023
1.15501
1.09363
1.06004
1.28711
1.67452
1.06408
1.22902
1.31945
1.28158
1.44969
1.55527
1.35011
1.144
0.970745
1.49625
1.00475
1.23755
1.75166
1.21203
1.25875
1.20769
1.50953
0.738426
0.934218
1.02551
1.11639
1.00819
1.17255
1.42083
1.40178
1.42769
1.07861
1.09316
1.46476
1.46661
1.4071
1.476
1.2452
0.944785
1.60442
1.68283
1.11009
1.52543
1.43917
1.2855
1.20143
1.45726
0.767832
1.71711
1.30503
1.75333
1.34298
1.66714
0.939933
1.4216
1.427
1.12949
1.57151
1.32388
1.36519
1.18795
1.45286
0.697436
1.65792
0.846026
1.33938
1.1925
1.30164
1.45889
1.6574
1.71505
1.20595
1.33133
1.21973
1.36354
0.808501
1.67452
1.12986
1.77861
1.21936
1.32698
1.18953
1.5
1.58735
1.39126
1.22014
1.23436
1.3695
1.38042
1.03722
1.26538
1.35749
1.32141
1.69366
1.42155
1.07857
1.19533
1.56999
1.33747
1.70535
1.4962
1.47528
1.49209
1.29895
1.2143
1.37755
1.53965
1.16711
1.76917
1.38624
1.40171
1.35589
0.997693
1.46746
1.4197
1.52198
1.29319
1.50442
1.51956
1.20932
1.39802
1.36374
1.25255
1.17868
1.01298
1.50084
1.33239
1.02934
1.62984
1.11163
1.5863
1.27309
1.55991
1.43373
1.36847
1.06981
1.16165
1.4912
1.13584
0.54245
1.42565
1.64415
1.30662
1.59802
1.26324
1.16454
1.42334
1.4975
1.24013
1.46704
1.17602
1.48334
1.09535
1.78453
1.1145
1.35548
0.886949
0.772263
1.44457
1.78444
1.46907
1.54051
1.77443
1.38734
1.57441
1.36692
1.08138
1.31202
1.15112
0.89946
1.32409
1.44454
1.29344
1.68695
1.53402
1.25264
1.38874
1.41318
1.53505
1.23638
0.982634
1.20067
1.11803
1.28512
1.00968
1.26458
1.29778
1.03949
1.10685
0.704796
1.43833
1.08533
1.11789
1.35371
1.25087
1.05726
0.665955
0.991808
1.02309
1.20519
0.892638
1.25684
1.11501
0.644734
1.18072
0.996547
1.36338
1.22887
0.855876
0.966032
1.15005
1.06336
1.2014
1.21487
0.898955
0.929001
1.47437
1.18192
1.35029
1.15535
0.819752
1.1434
1.35166
1.43512
1.17879
1.45585
0.836529
1.15791
1.58072
0.909804
0.744734
1.22027
1.20311
1.24575
1.32731
1.08728
1.22151
0.710768
1.02302
1.1278
1.13425
1.40061
1.32601
1.16562
1.56786
1.19709
1.31575
0.984872
0.903794
1.34588
0.975512
1.00324
0.964037
1.11486
1.00253
1.19472
1.31146
1.50013
1.27864
1.24633
0.972486
1.43376
0.849226
1.33653
1.46987
0.967652
1.51056
1.32106
1.2971
1.23646
1.06213
1.17455
0.918639
0.852048
1.50896
1.58473
0.715778
0.892523
1.68534
1.35996
1.26552
1.12979
1.05205
1.07261
1.01373
0.897026
1.42211
1.27481
1.42675
0.620821
1.18373
1.61005
1.14886
1.58843
1.43244
1.64472
0.855217
0.999848
1.29844
0.887511
1.10709
1.03937
1.0702
1.35268
1.40058
1.08282
1.45919
1.22103
0.936694
1.3315
1.85455
0.559934
1.08549
1.18712
1.23121
1.58898
1.36855
1.551
1.20651
1.36582
0.930101
1.17229
0.800666
1.16519
0.940937
1.45596
1.08633
1.46822
1.39766
1.61786
0.88796
1.46954
0.976927
0.890822
1.33599
1.24729
1.37815
1.18179
1.19561
1.1417
1.25897
1.03446
0.946448
1.07998
1.00339
1.3684
1.78286
1.34638
1.26652
1.13507
1.05802
0.824431
1.43854
1.32156
1.56031
1.34004
1.07696
0.847632
1.46675
1.53725
0.976334
1.14998
1.44631
1.35074
1.11694
0.937797
0.951698
1.15023
1.10348
1.21768
1.28264
1.11198
1.3322
0.882026
1.27738
1.5098
0.988508
1.60892
1.36327
1.63305
1.1195
0.701175
1.0355
1.15792
1.29617
1.39588
1.0109
1.59989
1.33892
1.24274
1.12157
0.968244
1.28584
1.21831
1.7133
0.896316
1.1604
1.42271
1.27519
1.29921
1.457
1.49069
1.23019
1.47702
1.05825
0.904932
0.859442
1.33574
1.10571
1.11802
1.26026
1.11441
1.23135
1.8638
1.13224
1.4755
0.457215
1.19653
1.21301
1.43376
1.1843
1.02437
0.963929
1.09353
1.27938
0.920586
0.99225
1.52141
1.17815
1.23692
1.78824
1.18104
1.47741
1.2875
0.787198
1.70844
1.4633
1.75579
1.39422
1.49646
1.14618
1.35417
1.45473
1.36199
1.53989
1.1154
1.40666
0.923099
1.03418
1.00451
0.958673
1.423
1.42429
1.55445
0.941562
1.61527
1.2234
1.14013
1.21828
1.2136
1.59241
1.295
1.324
1.5832
1.28135
1.17682
1.40628
1.44248
1.63771
0.883939
1.51655
1.15201
1.41216
1.04535
1.06748
1.71023
0.994742
1.29041
1.15605
1.41133
1.46582
1.63659
1.26454
1.39
1.43899
1.18796
1.38881
1.11221
1.04148
1.22969
1.16566
1.68727
1.0735
1.25617
0.935282
1.14832
1.42725
1.5014
1.33549
1.15986
1.57125
1.44432
1.49763
1.52353
1.07446
0.881765
1.33189
1.07505
1.44404
1.17892
1.55516
1.19208
1.39289
1.16658
1.28671
1.16929
1.32959
1.71179
1.5543
1.75395
1.48997
1.51637
1.26403
1.42631
1.61515
1.18259
1.42324
1.37197
1.51553
1.04988
1.16994
1.15133
0.912841
1.58018
1.287
1.78236
1.26387
1.39605
1.13505
1.17548
1.16945
1.06442
1.47861
1.22385
1.66363
1.42449
1.02552
1.05618
1.19771
1.314
1.37956
1.22271
1.48205
1.41259
1.37103
1.0183
0.925165
1.54205
1.24016
1.43068
1.03466
1.21408
1.6481
1.74234
1.1885
1.32714
1.47804
1.43548
1.62293
1.09935
0.743797
1.30075
1.36903
1.5335
1.08868
1.3772
1.19525
1.15957
1.8097
1.62889
1.40128
0.956489
1.53781
1.40707
1.54071
1.28329
1.20538
1.19212
1.40638
1.30229
1.12563
1.18357
1.51183
1.1886
1.32767
1.53861
1.52349
1.33104
1.45495
0.577342
0.807651
1.30847
1.1399
1.53298
1.17239
0.75819
1.62473
1.2724
1.51014
1.2169
1.45875
1.26584
1.21258
1.31018
1.01664
0.989398
1.21246
1.33231
1.33759
1.51992
0.959686
1.42452
0.932087
1.30722
1.17114
1.18902
1.22203
1.32355
1.58291
1.02474
1.24686
1.16691
1.34992
1.39457
1.01977
1.06395
1.10993
1.43825
0.971622
1.28305
1.51419
1.28043
1.49735
1.28954
1.03942
1.56919
1.18425
1.34313
1.20044
0.826405
1.32727
1.30813
1.13597
1.11782
0.884369
1.42319
1.15717
1.35179
1.30584
1.42964
1.00168
1.08772
1.4139
1.08967
1.05323
0.892186
1.38512
1.4024
1.41636
1.23087
1.20135
1.00643
1.40587
1.08735
1.19567
0.722722
1.47599
1.21152
1.41368
1.10638
0.871809
1.01368
0.95321
1.35111
0.847204
0.914795
1.42268
1.07472
1.43895
1.31085
1.35989
1.12177
1.16339
1.19064
0.894685
0.724743
1.1738
1.12671
1.24941
1.42686
0.727579
1.48102
1.04386
1.07002
1.01733
0.905565
1.16651
1.2969
1.2359
0.99915
1.03254
1.15092
1.13677
1.34931
0.895643
0.897845
1.01213
1.43946
0.942722
0.914061
1.36069
1.12753
1.2979
1.05148
0.847918
1.38178
1.2007
1.28066
0.907286
0.902896
1.23169
1.28607
0.895088
0.750458
1.08177
1.20437
1.23005
1.12934
1.06065
1.17911
0.931693
1.04527
1.37397
1.02369
1.0824
0.932962
1.21208
1.22151
1.0344
0.987598
1.00097
1.16085
1.38632
1.06496
1.1358
0.822298
1.1651
0.812225
1.08079
1.01517
1.11557
1.2252
1.3198
1.14115
1.26493
1.37639
1.10912
1.57604
1.35295
1.22964
1.19435
1.14217
1.18738
0.979478
0.88524
1.43936
1.41021
1.26879
1.29617
0.900724
1.50447
1.28582
1.26451
1.17249
1.1623
0.912852
1.57998
1.68843
0.855722
1.22592
1.07303
1.35512
1.23362
1.29545
0.753748
1.51884
1.47028
1.19013
1.44922
1.61656
1.02785
1.41328
1.2898
0.979989
1.67917
0.988203
1.37726
1.14011
0.9677
1.08522
1.56095
0.981208
1.1197
0.810897
1.46328
1.24358
1.60538
1.58711
1.22794
1.08349
1.10677
1.50206
0.747487
1.50233
0.749087
1.51478
1.43345
1.53455
1.28167
1.26484
1.24179
1.48692
0.803822
1.19782
1.08534
1.4685
1.26086
1.29558
1.1133
1.36197
1.23739
1.22998
1.60364
1.31839
0.869441
1.41555
1.6827
1.12112
1.40868
1.21081
1.24979
0.818954
0.917788
1.50554
1.40693
1.68133
1.19588
0.803774
1.64118
1.25453
1.39755
1.4019
1.24089
0.955359
1.51311
1.37218
1.24332
1.44752
0.903528
1.34652
1.35812
1.35172
0.796375
1.49311
1.17033
1.22918
1.07514
1.51665
1.13385
1.13159
0.80502
1.26449
1.76913
1.31996
1.24858
0.867685
1.38821
0.830922
1.49259
1.00085
1.15595
1.25414
1.33367
1.39669
1.44502
1.42726
1.12279
1.28491
0.90284
1.47789
1.17382
1.39418
1.27168
1.62277
1.25288
1.15101
0.940756
1.38751
1.37557
1.2404
1.13164
1.23751
1.3438
1.22927
0.888354
0.842997
0.845307
0.948938
1.19176
1.32681
1.00015
0.864249
1.74936
1.13799
1.45331
1.05864
0.977061
1.27206
1.02555
1.01306
1.04701
0.870217
1.21282
0.994342
1.22907
1.78119
1.27382
1.42688
1.2066
1.34232
1.16101
1.10202
1.18413
1.19755
0.809925
1.47331
0.927212
1.68136
1.07111
1.17867
1.18971
1.45267
0.889922
1.27993
1.70919
0.891915
1.09555
1.23184
0.956126
1.22741
1.39019
1.36361
1.12328
1.07382
1.31777
1.19667
0.71951
0.820995
1.13239
1.56381
1.03423
1.19215
1.06291
1.66525
0.667615
1.54221
0.973135
1.13754
1.23413
1.12854
0.960883
0.89561
1.01803
0.893116
0.907542
1.25655
1.3125
1.28259
1.33235
1.31115
1.73346
0.995311
1.36132
1.1951
1.44068
1.6342
0.765795
1.04979
1.52818
1.35736
0.968197
0.821864
0.756238
1.15275
0.902251
1.29275
1.22409
0.916424
1.3916
0.650324
1.30138
1.73189
1.41234
1.69535
1.36312
1.40324
1.00527
1.22066
1.22369
1.26372
1.27116
1.55276
0.72226
1.64985
1.39687
1.14015
1.47439
1.17832
1.42751
1.35205
1.75096
0.763296
1.24614
1.27016
1.06517
1.48262
1.32532
1.53612
1.01251
1.27268
1.01816
1.34433
0.607946
1.16943
1.14353
1.26446
1.18371
1.17802
1.45294
1.59954
0.992847
1.55074
0.829989
1.04033
1.59955
1.32212
1.3419
0.971371
0.995874
1.0786
1.07233
1.286
1.16406
1.38702
1.3196
1.53377
1.73763
1.10128
1.41433
1.19196
1.31157
1.46746
1.12762
1.46493
1.24901
1.15119
1.0645
1.09354
1.13756
1.34185
0.881742
1.47691
1.11623
0.869495
1.45869
0.734719
1.37673
1.32716
0.666257
0.705039
0.887338
1.29054
1.59805
1.42005
1.04117
0.976643
1.42383
1.34073
1.41422
0.965383
0.817685
1.10179
1.49614
1.43514
1.23736
1.27036
1.11929
1.14698
1.55083
1.12035
0.932521
1.03887
0.97045
1.14251
1.1385
1.21525
1.37006
1.01354
0.847042
1.3215
1.38107
1.39464
1.39545
1.1707
1.3351
1.32847
1.03001
1.40049
1.17712
1.44608
0.767387
1.07193
1.13155
1.28783
1.1251
1.11292
1.5211
1.72731
1.19741
1.33877
0.955819
1.11484
0.890897
1.11607
1.32299
1.72071
1.63999
1.25616
1.24227
1.50686
1.28249
1.26296
1.15913
1.29785
1.30299
1.22609
1.22693
1.51792
1.64294
1.1144
1.19275
0.974017
1.40685
1.21929
1.04739
1.56979
1.29281
1.53746
1.3172
1.25162
1.49346
1.21075
1.40191
0.94501
1.3887
0.897567
1.41158
1.24808
1.16462
1.13903
1.43433
1.76765
1.36334
1.37062
1.45436
1.21523
1.44515
1.39726
0.663681
1.49356
1.17089
1.40917
1.05514
1.38843
1.35333
1.02147
1.06621
1.05096
1.33171
1.29406
1.27672
1.53269
1.48177
1.01948
1.15925
1.52023
1.3391
1.38101
1.35699
0.944889
1.13673
1.35545
1.1818
1.30031
0.958831
1.27659
1.42791
1.47585
1.3269
1.04421
1.55477
1.60431
1.26896
1.07198
1.14144
0.949074
1.17134
1.08078
1.40152
1.30832
1.30181
0.65975
1.33803
1.65783
1.41907
1.43421
1.4364
1.51489
0.880638
1.02231
1.09648
1.18194
0.919093
1.37198
1.08948
1.39964
1.59717
1.11084
1.53749
1.22497
1.2487
1.33074
1.62957
0.637542
1.25412
1.27943
1.2544
1.35226
1.37226
1.57973
1.42417
1.49318
1.06759
1.2571
0.886447
1.15262
1.30157
1.33723
1.26625
1.39863
1.25448
1.64726
1.27769
1.69107
1.05825
1.11317
1.49118
1.44028
1.32501
0.961731
1.21002
1.00627
1.18488
1.23982
1.13094
1.13136
1.37601
1.61626
1.7763
1.32122
1.40573
1.48515
1.75786
1.38244
1.19992
1.33265
0.976081
1.28535
0.99115
0.875291
1.45001
1.17676
1.29979
0.879687
0.97719
1.76861
1.25882
1.34227
1.14271
1.43963
0.829959
1.36037
1.29536
1.15342
1.07879
1.01594
1.29997
1.62658
1.28904
0.835782
1.36153
1.1702
0.92168
1.41867
1.68087
0.90187
0.599621
1.14158
1.19729
1.46352
1.17274
1.0511
0.991913
1.30416
0.980585
1.2769
0.822941
1.07641
1.01444
1.6007
1.2035
1.46187
1.30627
1.63434
1.0692
1.14608
1.08283
1.15686
1.39354
1.0814
1.06091
1.0093
1.26112
0.838082
1.23023
1.23728
1.35051
1.17134
1.35671
1.34699
1.67795
0.97764
1.11917
0.897332
1.59821
1.12468
1.19705
1.28847
0.940015
1.28036
1.45733
1.24162
1.56229
1.66879
1.47682
1.25467
0.932366
1.18067
1.38483
1.62497
1.11047
1.37245
1.3522
1.70414
1.45049
1.55999
1.59138
1.42196
0.992105
1.40172
1.21564
1.4351
1.1063
1.79234
1.14158
1.00971
1.38163
1.87943
1.435
1.5163
1.46235
1.39332
1.36546
1.64247
1.32554
1.08517
1.40621
1.42783
1.424
1.5703
1.20632
1.30023
1.435
1.34137
1.16119
1.6875
1.28863
1.58086
1.4387
1.21463
1.4041
1.96825
1.15236
1.46201
1.21064
1.42646
1.44418
1.18832
1.2019
1.39583
1.29326
1.16654
1.35939
1.49734
1.63177
1.20471
1.04258
0.769066
1.26973
1.44637
1.33049
1.32721
0.924966
1.32585
1.21391
1.2302
1.28798
1.09404
1.58802
1.2383
1.52576
1.53969
1.41487
1.84329
1.10658
1.3388
1.64737
1.18079
1.58304
0.707099
1.35911
1.1305
1.42647
1.4727
1.56323
1.78945
1.09611
1.27516
1.77931
1.45711
1.18569
1.33641
1.11991
1.36155
1.02491
1.22344
1.14366
1.14279
1.20289
1.18001
1.8195
0.834488
1.53166
1.42838
1.71653
0.948641
1.28278
1.04729
1.28873
1.29434
0.800181
1.40206
1.13161
1.41942
1.4201
1.2219
1.45929
1.41996
1.44472
1.0915
0.999187
1.65168
1.39336
1.46337
1.28921
0.886782
0.61614
0.925972
1.14133
1.2509
1.48982
1.08061
1.28762
0.960664
0.91584
1.15747
1.17635
1.41128
1.0923
1.23383
1.06332
1.46026
1.53551
1.07783
1.43763
1.34676
1.12239
1.34117
1.22605
0.877416
1.31257
0.858737
1.65087
1.37627
1.40331
0.921976
1.19917
1.4887
1.35052
1.35833
0.901692
1.08265
1.06192
1.19734
0.636127
1.24829
0.962614
1.27687
1.12189
1.19661
1.1678
1.35161
1.50761
1.3778
1.36597
0.938476
1.04788
1.11086
1.55723
0.991318
1.47349
1.06804
1.30118
1.23316
1.22719
1.28993
1.27887
1.2378
1.15632
1.18146
1.33192
1.17971
1.22123
1.10735
0.758513
0.92252
1.0757
1.1255
1.07981
0.91842
0.966475
1.03763
1.1136
1.26206
1.1993
1.28932
1.13602
1.13234
1.13596
1.1534
1.35273
0.910265
1.12436
1.603
0.812638
1.30221
1.08431
1.00506
1.20714
1.30191
1.54055
1.17437
1.53052
0.749048
1.40457
1.539
0.882142
1.02275
1.22041
1.39947
1.17134
1.10878
1.02259
1.22967
0.634898
1.04559
1.06379
1.05892
1.17744
1.19244
1.31264
1.43603
0.994569
1.39764
0.892855
0.781128
1.38928
0.975426
1.29681
0.987641
1.02966
1.16327
1.0521
1.26921
1.29073
1.27365
1.07813
1.03526
1.43942
1.02713
1.41249
1.40462
0.963882
0.978287
1.16684
1.15295
0.661149
1.17123
0.742055
0.958024
1.28169
1.03095
1.43498
0.988236
1.19761
1.0468
1.23191
1.42719
1.0458
1.17887
1.37599
0.83296
1.46668
0.907288
0.946356
1.08474
0.904964
1.33496
1.33171
1.4629
0.774128
1.02072
1.36046
1.1538
1.17602
0.922309
0.957709
0.940708
0.865914
0.793184
1.03449
0.730743
1.02715
0.93748
1.35871
0.767936
1.153
1.27328
1.4653
0.935749
1.0454
0.724124
1.05773
1.31695
0.799232
1.18384
0.765944
1.12274
1.02055
0.918401
1.15037
1.14429
1.19613
1.10121
1.08349
1.46697
1.03535
1.2326
0.932433
1.2446
0.904975
1.396
1.16758
1.22519
0.951439
0.845335
0.781683
0.95051
1.0623
1.10218
1.11339
1.08133
1.02053
1.23212
0.869607
0.880519
1.13564
1.01825
0.788375
1.13778
0.953585
1.0806
0.944824
1.28095
0.983438
0.999767
0.698928
1.31624
1.26186
1.387
1.0847
0.956312
1.22195
1.33528
1.09493
0.794008
0.887216
1.07928
0.899174
1.30116
1.08756
0.912089
1.20108
0.948405
1.13125
1.34445
1.16671
1.19587
1.13176
1.1457
1.06817
1.4092
0.920047
1.1814
1.0915
0.933045
1.08661
0.95684
0.728374
0.945709
1.11952
1.09551
1.32538
1.04232
1.30592
1.09785
0.865667
1.21568
1.51898
1.05912
1.08854
1.66099
1.17215
1.51837
1.44071
1.11218
0.778157
1.23299
1.38653
1.24608
1.3567
1.24244
1.06367
1.42243
1.28212
0.85739
1.44411
1.14975
1.15691
1.14096
1.55926
1.0594
1.40054
0.807283
0.755948
1.67878
1.30129
1.35724
0.937968
1.04666
0.969001
1.45259
0.706651
1.14545
0.894432
1.23247
1.1632
1.23341
1.39369
1.2675
0.899423
1.20738
1.20505
0.906546
1.22926
1.16201
1.54284
1.05583
1.09116
0.765115
1.19534
1.13148
1.08226
1.12229
1.29429
1.24878
1.51837
0.783541
1.32258
0.972308
1.43562
1.28151
1.15649
1.12094
0.63318
1.29792
0.983678
0.883613
1.07568
1.22554
0.956958
1.15562
1.21013
0.614744
0.823351
0.798345
1.23812
1.00054
1.06175
0.728693
1.14698
1.31499
0.873212
0.949655
1.43882
0.732474
0.979478
1.14243
1.12498
1.24765
1.1932
1.20312
1.11382
1.24043
0.912657
1.12087
0.868312
0.791248
1.07994
1.29818
1.19378
1.41398
1.0543
1.22928
1.04734
1.04725
1.27597
0.877268
1.08455
0.928522
1.22464
1.14169
1.11013
0.978463
1.17028
1.15448
1.21453
0.815948
0.875111
0.920787
1.20731
1.02751
0.830739
1.11732
1.29856
1.52732
1.32915
1.50589
1.68212
1.32646
1.58172
1.68269
1.20851
1.24341
1.206
1.67319
1.52528
1.36984
1.79276
1.22526
1.55779
1.27232
1.26809
1.49464
1.45616
1.44972
1.33233
1.61595
1.3159
1.75756
1.32174
0.906778
1.44549
1.62206
1.42587
1.50501
1.1158
1.37254
1.53195
1.0252
1.28499
1.24483
1.57201
1.16507
1.39307
1.33962
1.55834
1.03827
1.62084
1.30015
1.21668
1.10696
1.29198
1.67861
0.92352
1.30522
0.857444
1.30042
1.43967
1.28983
1.38328
1.56595
1.35066
1.74545
0.992508
1.73647
1.54968
1.35482
1.09532
1.08075
1.54465
1.24985
1.57009
0.969137
1.19561
1.48117
1.3411
1.2115
1.29192
1.14706
1.63342
0.55868
1.75148
0.769133
1.31777
0.91966
1.30187
1.35562
1.2062
1.52011
1.01765
1.13524
1.38166
1.2771
1.18575
1.21517
1.28725
0.83157
0.911741
1.25149
1.08137
0.900546
0.80028
1.37637
1.39359
0.956312
0.845192
1.11107
1.50958
0.938691
1.32718
0.955182
1.37656
1.43212
1.11931
1.06846
0.949371
0.839115
1.20128
0.638202
1.38158
1.34614
1.47274
1.21661
1.27198
1.40557
1.07576
1.19153
1.01154
1.41007
1.24183
1.49931
1.45532
0.905659
0.879165
1.34719
1.19533
1.46868
1.5212
1.0298
0.957702
1.63753
1.49629
1.57992
1.4225
1.01226
1.32432
1.55299
1.56309
1.66039
1.57771
1.08572
1.36346
1.91797
1.11589
0.850287
1.0899
1.32581
1.56557
1.36303
1.40383
1.39901
1.07476
1.28527
1.14231
1.4351
1.53765
1.59337
1.41929
1.88502
1.4624
1.52014
1.188
1.10794
1.63026
0.967311
0.917977
1.25645
1.61967
1.34349
1.32801
1.36779
1.8368
1.34855
1.56621
1.12664
1.77734
1.31979
1.70509
1.70745
1.20923
1.49122
1.17648
1.58747
1.39624
1.56493
0.879884
1.05614
1.36881
1.09774
1.14731
1.24894
1.0016
1.3972
1.3363
1.06166
1.42723
0.931178
1.22101
1.3902
1.69486
0.542474
0.98728
1.26415
1.35129
1.39331
1.25794
1.26962
1.23699
1.32268
0.724067
1.08784
0.817726
1.1838
1.08708
1.51137
0.900603
1.41976
1.341
1.61048
1.05312
1.39247
0.79383
1.08684
1.36134
1.20818
1.38275
0.814673
1.1963
0.99192
1.18349
1.18335
0.894442
1.14117
1.13949
1.45398
1.72912
1.27323
1.26226
1.14829
1.09196
0.895756
0.968327
0.787483
0.977335
1.10001
1.35229
1.25209
0.796092
1.0682
0.832842
1.14251
1.10589
0.861453
0.716067
0.931567
1.08782
1.10816
0.933856
1.14842
0.926067
0.991904
1.12402
1.25164
1.29228
0.856837
0.984471
0.833723
0.992097
0.815509
1.06123
0.981183
0.782277
1.1381
1.14612
1.09901
1.1932
1.07579
1.02496
1.1893
0.555576
1.29657
1.08854
1.18698
0.806225
1.24175
1.14425
1.09418
1.07605
0.999829
1.13685
1.25144
0.890839
0.88462
0.807784
0.847919
1.00145
0.649235
0.812693
0.922281
1.28839
1.37875
1.445
1.55052
1.3445
1.78554
1.07633
1.43706
1.39107
1.51294
0.862886
1.2099
1.31845
1.17399
1.18242
1.68489
1.31737
1.19772
1.25887
1.6732
1.76149
1.79455
1.28557
1.24319
1.30409
1.71651
1.34876
1.09585
1.06514
1.56024
1.40073
1.52258
1.42071
1.17881
1.59178
1.3244
1.40674
1.68885
1.15278
1.51018
1.47034
1.20034
1.19901
1.79847
1.36724
1.61684
1.55661
1.43939
1.33727
1.27452
1.15637
1.04536
0.992302
1.19715
1.69032
1.38311
1.60476
1.38174
1.25404
1.46202
1.23012
0.815737
1.38657
0.926305
1.26555
0.946657
1.23352
1.15512
0.933823
1.14984
0.788042
0.868143
1.00471
1.0577
1.3776
1.05433
1.23181
1.28908
1.46661
1.35151
1.23328
1.16063
1.28407
1.13935
0.941531
0.630727
1.18871
1.19493
1.05522
1.29564
0.888867
1.22924
1.03682
1.51202
1.15397
0.941497
1.03792
1.26134
0.623663
1.10743
1.40564
1.13755
1.21053
1.15215
1.23291
0.746265
0.824374
1.13079
0.806274
0.699368
1.38202
1.32063
1.19393
1.05499
1.0458
1.05588
1.24623
1.53913
1.50693
1.10211
0.899121
1.37781
1.65036
1.16332
1.35333
0.86647
1.31802
1.54629
1.46756
1.32112
1.13006
1.22617
1.43494
1.63596
1.30408
0.971153
1.16163
1.1503
1.60431
1.39488
1.3166
1.43784
1.29678
1.09186
1.46072
1.42761
1.54804
1.64039
1.15475
1.42134
1.64508
1.26899
1.627
1.27802
1.39283
1.0443
1.31336
1.24186
1.58179
1.16341
1.36113
1.51331
1.75187
1.02255
1.50275
1.10946
1.25655
1.21885
1.33944
1.67709
1.11069
1.34687
1.52972
1.2442
1.07406
0.98276
1.3564
1.22234
1.62912
1.07815
1.04723
0.876663
1.31645
1.33705
1.40774
1.24769
1.12931
1.09829
1.59769
1.33376
1.09022
0.681125
1.15493
1.07424
1.01368
1.30668
1.13464
1.14144
0.952123
1.27119
1.2706
1.3007
1.14893
1.16862
1.58087
1.40592
1.08417
1.23749
1.35977
1.56299
0.918746
0.742217
1.25833
1.35869
1.34834
0.887123
1.2235
1.68832
1.26455
1.37021
1.04697
1.34313
1.26442
1.24662
1.17348
1.32987
1.64713
1.46467
1.41225
1.17781
1.60184
1.20317
1.37366
1.1685
0.990544
1.31496
1.47536
1.55521
1.11467
0.908203
1.34183
1.67926
1.22755
1.04933
1.35594
1.07324
1.27873
1.19606
0.849095
1.33254
1.58143
1.1652
0.870498
1.49871
1.2109
1.33376
1.17302
1.19449
0.890403
1.4365
1.22004
1.66405
1.31721
1.47626
1.08529
1.5275
1.1431
1.29328
1.07373
0.927227
1.54981
1.61481
1.0817
1.5427
1.2779
0.946906
0.963994
1.28491
1.3753
1.2302
1.45781
1.03863
1.17191
1.03443
1.38945
1.24835
1.54808
0.556632
1.57432
1.03905
1.18771
1.43819
1.54918
0.852979
1.24116
1.18663
0.970149
1.52663
1.08567
1.24234
1.30662
1.30566
0.807805
1.41198
0.821879
1.30764
0.745484
1.33239
1.27444
1.57072
1.46943
1.51435
1.2419
1.24649
1.16251
0.794743
1.3732
1.08294
1.42076
1.06139
1.46475
0.838361
1.38335
1.04821
1.22249
0.885827
1.37917
1.29494
1.70727
1.10339
1.42468
1.25391
1.11247
1.1739
1.12356
1.32224
1.14865
1.35265
1.34105
1.37568
1.08079
1.07897
1.051
1.10255
1.56534
0.99465
1.42763
1.33505
1.41867
1.30499
1.55516
1.57589
1.54446
1.4306
1.2127
0.750164
1.15098
1.27895
1.26642
1.26242
1.10503
1.18942
0.96045
1.78831
1.20757
1.59525
0.909171
1.32247
0.804421
1.50576
1.37747
1.05098
1.12357
1.09065
1.26006
0.818711
0.761648
1.31409
1.14853
1.2296
1.7551
1.4122
1.51638
1.4714
1.45693
1.09972
1.45242
1.06593
1.77558
1.50652
1.44928
1.09645
1.37429
1.21358
1.01332
1.44867
1.21908
1.34927
1.23518
1.47062
1.44858
1.49721
1.77873
1.2145
1.54466
1.50449
1.12795
1.21605
1.07654
1.66583
0.983885
1.55859
0.798798
0.933037
1.72418
1.49655
1.6651
1.27357
1.60276
1.48479
1.73238
1.07763
1.30858
0.879776
1.24819
1.02979
1.19843
1.37681
1.54236
1.48959
1.57124
1.56435
1.31574
1.31492
1.39207
1.05702
0.994789
1.23268
0.973238
1.09706
0.857159
1.18645
1.30953
1.19143
1.21738
1.623
0.647314
1.13565
1.51339
1.20144
1.24681
1.13627
1.32507
1.23525
1.25424
0.868061
1.09363
0.901592
1.07864
0.884864
1.28298
1.18447
1.52366
1.34703
1.4257
1.05654
1.10714
1.12139
0.69287
1.2486
0.806164
1.31286
1.29781
1.29129
1.31094
1.28932
1.08517
1.24796
0.968594
0.671033
0.747435
1.39177
1.29615
1.13493
1.24415
1.33904
1.16307
1.33078
1.19218
1.07154
1.10434
1.41002
0.993931
1.20944
1.26105
0.854336
1.20318
1.35845
1.22118
0.89763
1.13589
1.29236
1.41812
1.1371
1.29953
1.07194
1.04906
0.692653
1.36083
1.42831
1.11416
1.27094
0.767557
1.50532
1.2434
1.49219
1.25811
1.2436
1.23895
1.1023
0.941816
0.928679
1.25427
0.99454
0.843359
1.2453
1.40096
0.933908
1.34583
1.27411
1.47206
1.2509
1.25712
1.45464
1.57073
1.19489
1.43757
1.00396
1.36047
1.09687
0.900517
1.29936
1.54577
1.12232
1.12529
1.12616
1.60427
1.78467
1.20985
1.33855
1.29169
1.44611
0.949774
1.18632
1.3263
1.30992
1.16569
1.47814
1.29511
1.6071
1.37722
1.45974
1.43693
0.944141
1.48374
1.29748
1.22685
1.2784
1.55722
1.46934
1.50087
1.26822
1.47856
1.00073
1.15034
0.937454
1.08405
1.19945
1.46897
1.47765
1.01973
0.992629
1.56257
1.0001
1.33139
1.08921
1.28695
1.3235
0.98634
1.52521
0.896476
1.36318
1.17479
1.20099
1.37741
1.33175
1.57348
0.880937
0.992688
1.18751
1.11796
0.83924
0.813076
1.37789
1.14656
0.98246
0.744768
1.12816
1.33986
0.895795
1.47169
1.02061
1.23633
1.39346
1.29722
1.32562
1.03245
0.642922
1.20464
0.655126
1.27525
1.07812
1.36216
1.07746
1.35644
1.37042
1.151
1.1866
1.09165
1.42903
1.08183
1.56984
1.3934
1.5358
1.16991
1.36432
1.10331
1.71778
1.46296
1.55567
1.51621
1.43351
1.47084
1.71639
1.46932
0.972553
1.41311
1.40127
1.31251
1.45606
1.44723
1.31052
1.78553
1.41228
1.07248
1.56881
1.30163
1.6977
1.14338
1.20779
1.24237
1.97109
1.37971
1.57799
1.35532
1.55275
1.45086
1.18543
0.776676
1.03377
1.19982
1.19021
1.54518
1.25965
1.64582
1.24486
0.779819
1.38049
1.25242
1.04264
1.4472
1.12544
1.19715
1.39769
1.36187
1.15724
1.3071
1.05665
1.03558
0.883613
1.18165
1.03006
1.08927
0.784622
1.34558
1.54441
0.870911
1.17827
1.03519
1.29908
0.91844
1.01142
1.22975
1.33005
1.03657
0.874085
1.33252
1.06472
1.01161
1.20842
0.957176
1.41051
1.29934
1.31057
0.92342
0.838739
1.11112
1.07694
1.00355
1.0293
1.36913
1.10967
1.2497
1.24398
1.31626
0.844363
1.1216
1.21303
0.904423
1.29498
0.894615
0.950776
1.11187
1.13193
0.712285
1.36644
0.768854
1.05799
0.848093
1.24366
1.24115
1.48832
1.33484
1.21102
1.20981
0.888257
1.25006
0.739402
1.31683
0.739291
1.32576
1.0129
1.3436
0.82767
1.24839
1.1958
1.35042
0.787395
1.21708
1.00337
1.29832
0.855624
1.13276
1.138
1.17875
1.15696
1.05097
1.22277
1.23082
1.22689
1.46599
1.5279
1.07982
1.19687
1.25153
1.19135
1.07335
1.3506
0.612916
1.27832
0.968998
1.42633
1.24326
1.08459
0.840007
0.744102
1.62187
1.2961
1.15293
1.1099
1.55853
1.01672
1.22009
1.00059
1.16561
1.06318
1.291
0.894855
1.03839
1.30154
1.41223
1.13452
0.890429
1.28852
1.30665
1.21257
1.16264
1.32573
1.35249
1.24781
1.10378
1.23046
1.2561
1.59924
1.49652
1.03367
1.10228
1.32629
1.27912
0.796901
0.900455
1.24941
1.40128
1.20402
1.27973
1.00676
1.24555
1.24581
1.6065
1.50289
1.0453
1.0212
1.45378
1.19181
1.33191
1.47665
0.983817
1.3831
1.06982
1.26051
0.882165
0.894355
1.19216
1.29773
1.30018
1.55597
1.38651
1.33837
1.08986
1.2476
1.61924
1.12934
1.14364
0.998563
1.39662
1.61701
1.38334
1.43203
1.27629
1.21976
1.32764
1.06039
1.19993
1.03566
1.19833
1.6077
1.08081
1.33138
1.02414
1.64542
1.06859
1.36069
1.31895
1.38045
0.993044
1.32005
1.22407
1.26229
1.28735
1.06646
1.156
0.956394
1.14454
1.09165
1.25762
1.27666
1.68976
1.3597
1.23074
1.04353
1.25193
1.14132
1.47591
0.9577
1.3379
1.4157
1.54565
1.53451
1.12048
1.3053
1.17612
1.15433
1.12923
0.830786
1.58615
1.01466
1.2844
0.986195
0.865962
1.00936
1.23948
1.28496
1.45039
1.3378
1.01595
1.43852
1.58376
1.18178
0.638829
1.08017
1.07892
1.34169
1.04
1.23612
0.987782
1.1858
0.87468
1.03626
0.878465
1.24955
1.5536
1.79537
1.40921
1.69815
1.38305
1.08702
1.3219
1.63981
1.20303
1.45486
1.35396
1.64821
1.20428
1.81533
1.29191
1.38461
1.24037
1.00283
1.25366
1.91644
1.31215
1.79365
1.79477
1.4069
1.47136
1.6379
1.24683
1.58653
1.28084
1.11326
1.45682
1.56179
1.14114
1.7017
1.46608
1.06573
1.50558
1.41918
1.60563
0.955257
1.27994
1.12668
1.13284
1.12783
1.25479
1.12383
1.20142
0.691693
1.00395
0.619211
0.89941
0.985693
1.27167
0.956875
1.33162
1.178
1.3902
0.921084
1.26559
0.850092
0.759659
1.26128
0.951022
1.21002
0.885421
1.03976
1.00659
1.04143
1.11669
0.997736
0.934319
0.841613
1.13941
1.45064
1.13502
1.05831
1.16218
1.48192
1.56393
1.35505
1.29959
1.05771
1.08715
1.50752
1.04365
1.10911
1.05304
1.16864
1.27309
1.71344
1.27245
1.53434
1.32743
1.80853
1.23005
1.14313
1.03075
1.39054
1.47031
1.17664
1.02381
1.14673
1.27067
1.18373
1.33773
1.38243
1.4377
1.42776
1.23828
1.33018
1.66933
1.21916
1.03217
0.990779
1.35226
1.88777
1.4753
1.53949
1.07802
1.22612
1.20013
1.44381
1.19814
1.04646
1.48312
1.39105
1.21175
1.18882
1.19364
1.0985
1.25488
1.32425
1.59542
1.44186
1.2361
1.5324
1.71752
1.22224
1.08245
0.918425
1.14698
1.30651
1.01942
1.1023
1.38885
1.57322
1.34462
1.14114
1.0622
0.973334
1.45636
1.385
1.52431
1.17929
1.14931
1.32314
1.66252
0.648553
1.15254
0.954752
1.27791
1.47187
1.39838
1.4958
1.48704
0.9664
1.50871
1.29967
0.736033
1.4848
1.08117
1.37644
1.21532
1.25425
1.00628
1.26373
1.37678
1.57898
1.29157
1.49246
1.21726
1.66359
0.785479
1.59805
1.42688
1.3694
1.18505
1.66631
1.41802
1.41018
1.13095
1.24297
1.12725
1.57006
1.55319
1.35019
1.45912
1.02007
1.80186
1.50932
1.56295
1.18857
1.46037
1.36498
1.17403
1.08976
0.944628
1.40075
1.24607
1.21615
1.55913
1.65975
1.45332
1.47995
1.20973
1.55864
1.30932
1.54095
1.77298
1.07422
1.23373
0.886436
1.10227
1.24034
1.23004
1.15825
1.13368
1.31464
1.1423
1.32047
1.34904
1.44301
1.52225
0.98024
1.3411
1.31124
1.57198
0.882788
1.19739
1.22181
1.60091
1.29615
0.995845
1.1044
1.53474
0.951931
1.43786
1.18658
1.40166
1.41208
1.35017
1.14963
1.40261
1.19232
1.01016
1.26639
1.27493
1.24019
1.29862
1.79645
1.0816
1.63857
1.28929
1.54814
1.45315
0.830815
1.34211
1.46457
1.25426
0.851836
1.39984
0.901016
1.58674
0.995236
1.35677
1.49761
1.51276
1.20066
1.4572
1.14849
1.43033
1.14409
1.25927
1.22437
1.09853
1.12787
1.37351
0.854087
0.958188
1.24263
1.24395
1.29026
1.02779
1.40024
1.30554
0.984632
1.04494
1.24228
1.23044
1.55156
1.18405
1.30137
1.3092
0.852476
1.22743
1.01459
1.34819
1.38679
1.42653
1.15898
1.25784
1.28067
0.919359
0.945881
0.578166
1.2673
1.26124
1.11864
0.877565
1.16637
1.42952
0.783089
1.07533
1.18143
1.21377
1.06811
1.13527
1.36118
1.27873
1.26955
0.843625
1.36443
1.09691
1.32871
1.16711
0.690335
1.20291
1.35631
1.02312
1.31667
1.09797
1.30853
1.21978
1.34141
1.03927
1.13664
0.884753
1.17857
1.00554
1.32156
1.00081
1.48395
1.36968
1.22803
1.18274
0.866823
1.0772
0.928315
1.22108
0.971594
1.56834
0.958245
1.22355
0.985794
1.31188
1.18256
0.908487
0.93269
0.878239
1.10981
1.29573
1.11337
0.974352
1.0157
1.27463
1.12511
1.35492
1.34532
0.901413
1.07366
0.808157
1.72745
1.31036
1.25707
0.898709
1.51178
0.920967
1.30893
1.13851
1.04764
1.15687
1.24695
1.04867
0.862065
0.947242
1.29501
1.00806
1.07111
1.50838
1.48202
1.23427
1.21123
0.921987
0.844871
1.19873
1.14942
1.22033
1.29071
1.40525
0.682735
1.26521
0.842882
0.625462
1.3261
0.93496
1.15951
0.901615
0.886461
0.850513
1.05923
1.20467
1.20869
1.17778
1.08302
1.10701
1.50065
0.689394
1.2004
1.07579
1.41327
1.31407
0.979911
0.998807
0.767214
1.04174
0.996352
1.22475
1.32968
1.21849
1.20395
1.01315
1.15524
0.942196
0.84741
0.975628
0.569566
1.3645
1.28313
0.987274
1.09514
1.17452
1.00111
0.974142
0.814754
1.08322
1.4561
1.21751
1.5868
1.62179
1.73306
0.978615
1.18915
0.995159
0.72143
1.34143
0.868979
1.35104
1.29371
1.52455
1.18972
1.4363
0.929509
1.33648
1.17736
1.22893
0.959466
1.84747
1.22514
1.58418
1.15945
1.63584
0.955757
1.33283
1.45273
1.59053
1.45985
1.38065
1.31116
1.54786
1.56799
1.49564
1.47219
1.11978
1.40408
1.23205
1.1173
1.39035
1.43326
1.36611
1.29664
1.33682
1.31349
1.4655
1.47715
1.25417
1.07137
1.38147
1.00321
1.19468
1.11763
1.34295
0.988452
1.00449
1.46987
0.83944
1.27423
1.08182
0.897427
1.15233
0.874216
0.995472
1.06291
1.20477
1.46047
1.37517
1.2172
1.04024
0.936062
1.52461
1.34192
1.48074
1.235
1.6226
1.37143
1.55136
1.22305
1.21066
0.831165
1.26984
0.680845
1.1506
1.28734
1.53318
1.42567
1.3983
1.37483
1.25589
1.36036
1.18427
1.45799
1.37834
1.4032
1.31884
1.59818
0.89264
1.38888
1.15993
0.904122
1.02653
0.970034
0.82872
1.21451
1.19156
1.19503
1.32671
1.25916
1.25417
1.24017
1.15668
1.37544
1.52662
1.23637
1.95457
1.40517
1.53736
1.34017
2.04548
1.45342
1.35419
1.36186
1.28429
1.77052
1.44247
1.03144
1.3013
1.48378
0.670458
1.31242
0.988329
1.36919
1.40641
1.03739
0.927762
1.21286
1.03956
1.38732
1.14855
0.987505
1.12789
1.14711
1.31403
1.18771
1.34453
1.00574
1.14005
1.65973
1.02701
1.30093
1.04137
1.44996
1.33309
1.27829
0.898944
1.54434
1.30925
1.43525
1.24006
1.35355
1.28995
1.38102
1.13505
1.11476
0.89795
1.07776
1.17999
0.95092
0.832347
1.19303
1.31067
1.24536
1.04521
0.970033
1.14272
1.17277
1.23185
1.01223
1.1541
1.53379
1.20861
1.2044
1.88206
1.24891
1.53851
1.25676
1.43379
0.894277
1.5207
1.27599
1.32528
1.17502
1.41104
1.27933
1.35019
1.06709
1.05775
1.04479
1.59373
1.07529
1.40463
1.35928
1.31805
1.5893
1.06872
1.2639
0.996374
1.34252
1.09744
0.910789
1.19671
1.12733
0.992429
1.47665
1.29352
1.34659
1.36205
1.29541
1.10197
1.46648
1.16315
1.16193
1.3289
1.49586
0.959342
1.12006
0.784461
1.35661
1.10616
1.24424
1.15152
1.25877
1.36975
1.32548
1.08409
1.2408
1.76136
1.58076
1.61642
1.3324
1.85165
1.33392
1.55804
1.40133
1.10464
0.559406
0.964447
1.31189
1.08554
1.1231
1.35181
1.31144
1.46432
0.936287
1.26661
1.28868
1.10654
0.984087
1.39074
1.11367
1.50807
1.05898
1.32959
1.25617
0.926757
1.00215
1.12516
1.12185
1.2488
1.12026
1.03551
1.41549
1.29272
1.45422
0.694822
1.22697
1.20512
1.21645
1.28861
1.13932
1.30543
1.31681
1.24602
1.20658
1.16259
1.1002
1.03281
1.18227
1.23202
1.07554
1.74487
1.48924
1.53193
1.17624
1.17305
0.953463
1.37207
1.54509
1.44334
1.24185
1.18464
1.19418
1.21301
1.25714
1.35525
1.14182
1.28325
0.914113
1.23567
1.37921
0.925347
1.10801
1.30354
1.18002
1.29843
1.23347
1.3189
0.836686
1.37825
1.18348
1.1628
0.920241
