4.11706
4.30784
4.11715
4.21364
4.37429
4.26924
3.83515
3.91539
3.93529
4.137
4.18529
3.71583
4.05201
4.33524
4.12492
3.83565
3.99514
4.35515
4.02133
3.81825
3.74915
4.03454
3.99799
4.0706
4.22064
3.88256
4.21496
4.1514
4.29528
4.25184
4.08989
3.85459
4.37195
3.82195
4.14044
4.66245
4.06521
3.82112
3.84459
4.18573
3.98282
4.64453
3.9452
4.04454
4.35902
3.88369
4.2377
4.06224
4.23315
3.91333
4.39413
4.44603
3.62439
4.48487
4.03523
4.01432
4.09123
4.03781
3.80345
4.57716
4.34726
4.45255
4.36676
4.09319
3.71995
4.42892
4.03994
4.16496
4.41358
4.20601
4.25464
4.18125
4.43045
4.38404
4.34676
4.2046
4.05561
4.35869
4.29521
4.29124
4.14858
3.75101
4.10743
4.22648
4.46899
4.19204
4.52561
3.90912
3.95245
4.01869
4.39297
4.44626
4.24076
4.35897
3.67747
4.38932
3.93576
4.14923
4.12247
4.36975
3.89388
4.17057
3.67004
4.09751
3.9476
4.14391
3.99602
3.74173
4.24879
3.76757
3.94898
3.92548
3.94433
3.93343
3.973
4.00682
4.38856
3.9116
4.17398
3.56606
4.05084
4.20496
4.05134
3.8356
4.38917
4.02082
3.94975
4.0122
3.66995
3.90943
3.99615
4.09795
3.93141
4.59406
4.07805
3.96993
4.16066
3.71709
3.87529
3.90441
3.99769
4.10665
4.14222
3.93251
3.91156
3.8525
4.33485
3.96165
3.87938
4.48228
3.69527
3.88224
3.80035
3.91865
4.40977
3.93909
3.85285
3.92915
3.88943
4.09898
3.92979
4.32508
3.72692
4.09866
4.06144
4.14277
3.96497
4.05103
4.30904
4.23196
4.30803
4.15831
4.10829
4.24828
3.7377
4.41343
4.16314
4.1844
4.32836
4.29733
4.38967
4.11046
4.50345
3.88086
4.50874
4.41234
3.94858
3.82903
4.19739
4.5762
3.89257
4.18323
3.86636
4.00914
4.103
4.20519
4.21859
4.10922
4.04357
4.26038
4.10107
4.16592
3.79235
4.22674
4.17634
4.16092
3.9325
4.02727
4.01994
4.20222
4.16964
4.49165
4.13979
4.07142
3.82062
4.1471
3.9457
3.94998
4.19657
4.17059
4.23324
4.08238
4.01418
3.98927
4.47604
4.07134
4.19772
4.34284
3.67975
3.72704
4.10869
3.92408
3.8686
4.14934
4.02271
4.07875
3.98377
4.38092
4.02163
3.8381
3.77558
4.00786
4.06748
3.91638
4.45222
4.00034
4.64217
4.26105
4.42042
4.04292
4.0095
3.95017
4.07029
3.77732
4.36943
3.97037
4.20847
4.32352
4.18415
4.10369
3.73112
4.33487
4.51956
4.1872
4.37613
4.06717
4.17123
4.0554
4.29411
4.00719
4.22542
3.98884
3.92318
4.11738
4.13291
3.91077
3.96864
3.99385
4.03881
4.2771
3.84219
4.26794
4.09629
4.35629
3.86788
4.01782
4.29145
4.35255
4.05009
3.82678
4.08754
4.08097
3.88708
3.86896
3.88126
4.05355
3.97256
3.52481
3.91459
3.98869
4.36342
4.01048
3.88295
3.92715
3.94364
3.77843
3.5783
3.75417
4.52378
3.9718
3.85028
4.16081
3.84385
3.70104
3.99226
4.02004
4.20057
3.73706
4.11692
3.79163
4.09502
3.95517
3.87885
3.73509
3.99036
3.75929
4.12468
3.6031
3.68041
4.10651
3.75769
3.9474
4.24175
4.08523
3.98609
4.21509
4.0574
3.18672
4.24758
3.70076
3.77777
4.06846
4.35182
3.92919
3.86854
3.46786
3.82228
3.93608
3.89092
3.84493
4.01862
3.72736
3.77587
3.47296
3.87778
4.04677
3.66356
3.56079
3.56057
3.85208
3.63385
3.80553
3.60767
4.04602
3.90024
3.87594
3.96011
3.91389
4.00165
3.72611
4.04478
4.31892
3.39787
4.13361
3.77499
3.8044
4.26221
3.82177
3.90853
4.34484
3.80745
3.86636
4.22965
3.95848
3.66808
3.89842
3.80644
3.80716
4.27671
3.38894
3.83302
4.17433
3.66457
3.83281
4.02612
4.21975
4.04709
3.76376
4.47926
3.99565
4.1981
3.9781
3.68425
4.40715
4.26107
3.83895
4.27442
4.12761
3.983
4.31272
4.46303
3.97803
4.59816
4.11251
3.52175
4.24541
4.06227
4.16293
4.26521
4.09695
3.67137
3.82444
3.66226
3.87769
4.24718
3.93925
3.73553
4.26893
3.99192
4.07695
3.99792
3.8714
3.79518
4.37522
3.93255
4.14186
3.8361
4.01664
3.80625
4.25594
3.65462
3.71644
4.14192
3.94828
4.40295
4.26174
4.43109
4.15954
3.87999
3.80887
4.21883
3.82344
3.93046
4.33907
4.13709
3.97017
3.82845
4.01373
4.13902
3.85422
3.96249
3.82157
4.0683
3.66304
4.20487
3.84608
4.36079
3.6086
4.413
4.21807
4.07051
4.15757
4.34727
4.08851
4.50709
4.07498
4.12393
3.54742
4.1292
4.23522
3.40589
3.82101
4.08902
4.01305
4.05014
4.04478
3.69808
3.34672
3.46361
3.48222
4.29339
3.92971
3.71727
3.63608
4.26476
4.15882
3.70812
3.79391
4.0852
3.4871
3.69459
4.07014
4.00039
3.93308
3.77057
4.04926
4.40501
3.92199
3.59449
3.67498
4.02137
4.1395
3.91046
3.69245
4.15422
4.1473
3.98188
4.20141
4.1572
3.60032
3.76528
4.24706
4.15111
4.01341
3.66208
4.17443
4.0204
4.15747
4.14581
4.03629
3.42234
3.97334
3.639
4.13922
4.11255
3.77655
4.37571
4.26549
4.12732
4.26374
3.63727
3.80788
3.93175
4.08804
4.16857
3.92157
4.18381
3.73218
4.0506
4.33858
3.90975
4.09926
4.02694
3.68312
3.97619
4.03956
4.35809
4.07663
3.81852
3.7723
4.29965
4.03088
4.08583
4.16087
3.85996
4.31238
4.03657
3.8604
3.9982
4.27939
3.61278
4.10696
4.03385
4.11776
3.73327
3.6115
4.1231
4.19351
4.08557
4.00951
4.04145
3.83506
4.5047
4.34079
4.52128
4.13126
4.31366
4.3205
4.33232
3.96795
3.99276
4.34115
4.03593
4.40421
4.3293
3.51077
4.05359
4.33827
4.44258
4.1627
3.72034
3.66842
3.80813
4.33775
4.48822
3.88515
4.30593
4.0433
4.13652
4.35229
3.90489
4.06828
4.08527
3.85561
4.07436
3.85538
3.68436
4.54855
4.1131
3.94147
3.77992
3.87581
4.1625
4.28054
4.66594
4.34286
4.41499
4.34521
3.84332
4.17968
4.37414
3.81233
4.78651
4.29978
4.03357
4.36195
4.02204
4.42265
4.13269
4.14663
4.36758
4.45598
4.27291
4.11467
3.84934
4.26443
4.15155
4.23664
4.01672
3.7111
4.1272
4.45215
4.395
4.1214
4.40502
4.43442
4.27382
4.25749
3.92307
3.91556
4.05707
4.01596
4.75063
4.3617
4.21961
4.3676
4.43666
4.06624
4.47174
4.20949
4.42587
4.22154
3.99587
3.87482
3.77982
3.864
4.04169
4.26587
4.17286
3.49576
3.65596
4.00899
3.95649
4.03845
3.66869
3.74917
3.67619
4.01979
4.07478
3.71682
4.49807
3.92139
4.09774
3.74398
4.18524
3.67917
3.95563
4.23586
3.85998
3.82499
4.12794
3.7122
3.84842
3.99898
3.90398
3.93887
4.17551
3.82492
4.08101
4.40436
4.13005
4.03881
4.03572
3.91526
4.21184
4.17623
4.07124
3.69881
4.1194
3.7713
3.49245
3.97534
3.83798
4.16345
4.1622
4.25318
4.2672
4.02309
4.20392
4.19893
3.94303
3.88049
3.88438
3.82774
3.79734
4.01542
3.80579
4.38633
3.82208
3.87027
3.89744
3.83516
4.12959
3.90028
4.15706
4.24267
3.6959
4.10713
4.12956
3.65909
4.09258
3.54576
3.75225
4.22811
4.01329
4.32443
4.22923
4.31137
3.92063
3.52437
4.05934
3.91466
4.06134
3.85517
3.75481
4.02669
3.72038
3.95842
3.9606
3.94493
4.26463
4.01613
4.14364
3.95685
3.80003
3.56877
4.12201
4.23024
3.7781
4.1804
4.06685
4.08959
4.29438
4.01305
3.58065
4.01428
4.15605
3.86582
3.62173
3.72308
3.88704
4.18894
3.62327
3.97213
3.84726
4.10617
3.83343
4.09256
4.17575
4.28119
3.7944
4.05517
4.01033
3.85029
4.15133
3.90314
3.42227
4.37064
3.92482
4.22902
3.39154
3.74107
3.87159
4.18964
3.6956
4.26091
3.80651
4.16759
4.04717
4.09675
3.65285
3.58762
4.32065
4.18819
3.84531
4.37196
3.81019
4.13555
4.47124
3.80058
4.08012
3.87835
3.97319
4.31441
3.82321
4.05587
4.27104
3.95052
3.93478
3.84414
3.89122
4.13714
4.14847
3.78452
4.0417
4.11898
3.73339
3.8209
3.94899
4.03758
3.89044
3.63001
4.31105
4.01085
4.11111
3.89283
3.99609
3.75256
4.01061
3.63959
4.56157
3.76431
3.83629
3.89184
4.1261
3.65849
4.48283
3.62888
3.38909
4.0864
4.28151
4.51266
4.36728
3.97455
3.67671
3.71815
3.91858
3.79827
3.93993
3.85487
4.19969
4.30951
3.88974
4.27964
4.29434
3.54527
3.87362
4.15344
3.84166
4.00364
4.24372
4.15177
3.74092
4.15012
4.17783
4.12318
4.2402
3.79664
3.66402
4.12449
3.92698
3.66508
4.13811
3.92248
4.21757
4.24197
3.77601
3.81187
3.70148
3.65807
3.76476
3.82639
3.42199
4.07583
3.7411
4.09938
3.92823
4.15147
3.90501
3.84997
3.64071
4.13536
4.17885
4.21675
3.75877
4.19608
4.54894
3.81324
3.84093
3.98283
4.03366
4.05365
3.79834
3.83496
3.76728
4.17369
4.17543
3.82936
3.72732
4.07736
3.48954
3.81178
3.77938
3.79755
3.57778
4.21673
3.85577
4.05006
3.81225
4.27314
4.18612
4.05026
3.94209
4.12868
3.60786
3.82134
3.87579
4.17848
4.0894
4.18211
4.28025
4.13817
3.74737
4.0885
4.12832
3.87658
3.95556
4.27394
3.74416
3.73345
4.1557
3.7555
4.32635
4.02858
3.95423
3.66635
4.0244
3.99109
3.87507
3.90512
4.18842
4.38251
4.28752
4.14838
4.09104
4.18869
3.67986
3.77591
4.53378
4.08846
3.67205
4.22936
3.89772
4.1342
4.21214
4.35806
4.28397
3.90133
4.16257
4.00248
4.12908
4.17628
4.18767
4.17708
4.23904
4.54593
4.44788
4.26747
4.10072
3.77511
4.28374
4.24592
4.37781
3.92645
4.13227
4.35297
4.11057
4.27186
4.41493
3.93793
3.96235
4.00774
4.35301
3.90364
3.90907
4.16131
4.30471
3.92446
3.85182
3.51436
4.21096
3.97666
3.84154
4.34638
3.89177
4.48026
4.07319
4.35956
4.04467
4.07186
3.9964
3.92712
4.30714
4.44977
4.0932
4.0261
4.24872
4.01684
4.45452
4.32554
4.14697
3.84481
4.41094
3.90394
3.84759
3.84753
4.32936
3.97273
4.26721
4.03517
4.40237
3.96059
4.05233
3.60686
3.88598
4.28049
4.0546
4.51182
4.15481
3.9449
4.18494
4.22163
4.14522
4.4305
4.18165
3.62546
4.43983
4.02633
3.90676
4.01996
4.25728
4.09061
4.36697
4.37477
4.33531
3.93964
4.07458
3.9201
4.07564
4.21296
4.18233
4.27367
4.20104
4.37269
4.55736
4.49112
4.28436
4.14365
3.976
4.25117
4.26852
4.09424
4.4307
4.3535
4.19196
4.25473
4.11638
4.00507
3.76285
4.62385
4.20907
4.25238
4.04171
4.75172
4.29105
4.27922
4.3232
3.94049
4.34132
4.13894
3.94161
4.23172
4.17014
3.79744
4.51058
4.07733
3.7738
4.1574
3.96459
3.67446
4.09623
4.00822
4.09776
4.38332
4.04011
4.13007
4.30654
4.10089
4.08886
4.40733
3.96015
3.80587
4.29931
4.08023
3.91615
4.40123
3.63925
4.03082
4.06185
3.73494
3.87787
4.15308
3.95299
4.14998
4.18683
3.9672
4.1291
4.08289
4.00957
3.93123
3.73244
4.08702
3.71029
3.96306
3.48291
4.04793
4.07887
4.09306
3.94204
4.03937
4.33602
3.97297
3.60125
3.9424
3.82657
3.88672
3.78135
3.93711
4.0117
3.81764
4.30667
4.48687
4.17318
3.94867
3.97603
4.55103
4.20987
3.67927
3.98217
4.18661
4.23669
3.91772
3.75765
4.42312
4.00992
3.82258
4.37701
3.93819
4.11355
3.9096
3.92269
4.14447
3.64071
4.06322
3.55257
4.11745
3.75867
3.64814
4.2076
4.08277
4.1634
3.79541
3.62779
4.03204
3.66964
3.64022
3.69473
4.12491
3.7924
3.65515
3.87678
3.98322
3.93286
4.01998
4.2407
3.96317
4.31139
4.2715
4.10084
3.75107
4.11719
4.2473
3.7913
4.03725
3.66119
4.09644
4.23092
4.04844
3.67808
3.83281
4.17646
4.46408
4.07263
4.04105
4.15403
3.94119
4.10473
4.228
3.82853
4.36331
4.24511
3.92297
4.3715
4.17493
3.84941
4.37666
3.88937
4.0596
4.35876
4.32578
3.94647
4.09779
4.28335
4.05998
4.06569
4.21458
4.08027
4.13462
4.16392
3.88542
4.50438
4.27516
4.10052
3.92926
4.04492
3.73179
3.95807
4.06099
4.15395
3.9113
4.327
4.19235
4.43739
4.21932
3.84618
3.99711
4.4743
4.27438
4.15528
3.99023
4.1169
4.0026
4.20628
4.07754
3.92146
4.43867
4.07473
4.06059
4.03199
4.06216
3.73413
4.08111
3.52774
3.52735
4.36386
3.81114
4.05504
4.12343
3.98418
3.52095
4.52856
4.153
3.87276
4.11931
3.86845
3.77846
4.07046
4.0315
4.09793
4.45625
3.60591
3.94445
4.24781
4.14612
3.92499
4.48306
3.92149
4.1326
4.23544
3.89124
4.20114
3.9036
4.47603
3.86637
4.28495
3.95608
3.56362
4.27891
4.06414
3.77007
4.32392
4.13972
3.89345
3.6911
3.92061
3.87794
3.75195
4.17215
3.64432
4.34799
4.2518
4.13035
4.04779
4.32225
3.83582
3.83534
4.30594
4.33118
4.23051
3.90319
3.98213
4.68293
4.02315
3.9011
4.03526
4.38298
4.09356
3.87861
3.89965
4.02891
4.16243
4.41751
4.269
3.89341
4.26437
3.97118
3.8602
4.21304
3.8767
4.19454
4.04584
4.2429
4.13044
4.2559
3.89693
4.24333
4.05503
4.49364
3.86594
4.00425
3.80261
4.26869
4.32008
3.82535
4.38529
4.39679
4.12335
4.63287
4.37837
4.29841
4.6454
3.94998
4.33449
4.14232
4.0274
4.4241
4.54067
4.37836
3.70039
4.49201
4.12402
4.03546
4.19601
4.11984
4.72189
4.46818
4.41381
3.54217
3.95443
4.32373
4.0411
4.18742
3.92802
4.17381
4.17904
4.54228
4.50182
4.38013
3.87123
4.25528
4.04892
4.41839
4.27515
4.37601
4.20357
4.53936
4.44527
4.61988
4.43195
4.18555
4.23249
4.34438
4.54224
4.25443
4.46695
4.6445
4.1157
4.18773
3.98455
4.41536
4.48204
4.50516
4.35848
4.39864
4.06034
4.31722
4.40495
4.4367
4.43757
4.19876
4.40172
4.38465
4.47065
4.16017
4.04677
4.20564
4.2229
3.70914
4.17009
3.44348
3.65013
3.54938
4.24143
4.03976
3.85676
3.9452
3.87651
3.86022
3.40878
3.67423
3.99358
3.73952
3.96529
4.29943
3.87962
3.86916
3.85561
3.70219
3.92479
4.14865
3.46272
3.93222
4.20023
4.15279
3.8019
3.92293
3.70141
3.95998
3.94599
4.16016
3.60818
3.91148
3.82837
3.74193
3.81693
3.70087
3.75222
3.95864
4.01263
3.80779
4.11652
4.04415
3.93636
3.63607
3.56427
3.79711
3.73399
3.79247
3.81603
3.73279
3.97839
3.98666
3.85101
3.85356
3.91168
4.30859
4.20963
3.87944
4.22337
3.71977
3.8641
3.86904
3.97344
3.93277
4.15674
3.88184
3.99027
3.74346
4.32208
4.29261
4.00456
3.88421
3.83885
4.17251
3.94762
3.975
3.8411
4.11258
3.78074
3.70823
4.13305
4.05065
4.19452
4.18981
4.00013
4.21766
4.39669
3.86253
3.93415
3.86987
4.28894
4.3385
3.95831
4.00894
3.91019
4.05177
3.57517
4.21446
3.83357
4.20112
3.92784
4.17343
3.74279
3.83918
4.25438
4.07771
3.6039
4.03027
4.09542
3.91906
3.81201
3.77666
3.41827
4.36058
4.16019
3.71561
4.09496
3.97613
3.99263
4.65189
4.25756
3.97909
3.8295
4.12463
4.07272
4.00996
4.06356
3.92659
4.22007
4.28587
3.83143
3.75938
3.92321
4.1204
3.92588
4.17566
3.92442
3.98063
3.51828
4.04692
4.26248
4.08751
4.41133
3.85868
3.9975
3.65809
4.35416
4.19795
4.27012
3.58115
4.10508
3.89996
3.98966
4.14556
3.69838
3.88604
4.08855
4.13108
4.1929
4.18667
3.83776
4.27748
4.55521
4.3084
4.59313
3.98513
4.41065
4.13181
4.14774
3.67409
4.11655
3.99382
4.30568
4.26198
3.93667
3.79727
4.18126
4.11066
4.58925
4.27545
3.9588
3.97709
4.34939
4.17798
4.03512
4.29158
4.27185
3.89112
4.07311
4.24456
4.62212
4.30092
4.16293
3.56978
4.14702
4.34045
3.77132
3.85766
4.43688
3.83546
4.34988
4.39173
4.33765
4.14721
4.15789
4.15605
4.44542
4.52134
4.41671
4.46465
4.31712
4.48931
4.26211
4.37063
4.58403
4.18553
4.61024
4.09265
4.43105
4.37314
4.48456
3.96401
4.47199
3.7715
4.16125
4.18921
4.06305
4.31291
3.89435
3.76247
4.20058
4.41859
4.24824
4.43229
4.21668
4.0006
4.61049
4.087
3.82979
4.51817
3.72536
3.81757
4.12758
4.09258
3.98626
3.96573
3.86143
4.14025
4.48778
4.21681
4.06291
4.17187
4.01039
4.36217
4.07753
3.8245
4.30406
3.25394
3.98224
3.98496
4.16846
3.83002
4.0581
3.88016
4.14502
3.77431
4.26702
4.14444
4.32438
4.49916
4.02893
3.95262
3.86357
3.79149
4.34344
4.12961
4.01567
3.89928
4.14787
3.78717
4.28889
4.15387
4.1318
4.25205
3.9791
4.1755
4.14135
4.50377
3.62331
4.51607
4.14298
4.34838
4.37857
4.66802
3.98397
4.06098
4.22813
4.14981
4.08319
3.98357
4.26337
4.1178
4.02155
4.10548
3.68356
3.7823
3.93174
4.04194
4.21397
4.07405
4.01569
4.54121
3.87363
4.12425
4.44774
3.9174
4.42344
4.3299
3.85185
3.8829
3.86364
3.72177
3.76009
3.65293
3.85707
3.70167
3.90833
4.16322
3.92181
3.97879
3.86681
3.78739
3.81644
3.79005
4.0242
4.09922
3.44354
3.93406
3.79629
3.7841
3.92638
3.57376
3.60899
3.90945
3.92233
4.03127
4.21302
4.11957
3.40638
4.14822
3.68928
3.66547
3.7181
3.77901
3.7206
3.64284
3.98403
3.84435
3.50298
3.98999
3.67971
3.43448
4.06133
3.66759
3.84805
3.70518
4.10197
3.80391
3.67891
4.14152
3.83275
4.26383
4.20359
3.70687
3.52694
4.0614
3.80955
3.7224
3.78407
3.7598
3.8919
3.86404
3.85137
3.90365
3.43083
4.04748
4.01413
3.62001
3.71258
3.62087
3.78401
3.53814
3.94064
3.63025
3.65667
3.5249
3.75053
3.5457
4.0634
4.2623
4.41222
4.32256
4.04523
4.0921
4.231
4.17536
4.13013
3.95618
4.23279
3.98937
4.37396
3.95002
4.21495
4.3131
3.85477
3.94767
4.17026
4.13745
4.15057
4.42515
3.9192
3.84497
4.13915
4.49262
4.35261
4.54455
4.00402
3.86194
3.83967
4.30095
3.72491
4.2918
4.26842
3.70857
4.3736
4.29393
4.04985
4.81142
4.30321
4.43587
4.00843
4.19193
3.97325
4.51074
4.4465
4.32776
4.61561
4.39822
4.13834
4.31314
4.53935
4.00556
4.31355
4.10692
4.05319
4.1379
4.18884
4.13733
4.15259
3.61662
4.31482
4.24305
4.16066
4.31805
4.34724
4.09016
4.15955
4.40421
4.37554
4.41387
4.21228
4.45638
4.06394
3.93357
4.28951
4.19489
4.30599
4.01028
3.96146
3.96203
4.18343
3.99529
4.14271
3.87253
4.13234
3.8738
3.75503
4.06085
4.29376
4.07288
4.76479
3.73528
3.7958
4.30405
3.53378
4.12894
3.93537
3.74641
3.80517
4.3588
3.88443
4.03105
3.96549
3.60385
4.10149
4.34322
4.14201
3.74202
4.62038
3.75281
3.65701
4.0748
3.73575
3.63519
4.12919
3.92125
3.72673
3.79529
4.21871
3.84544
3.80656
3.99302
3.76734
4.35495
3.87834
3.89064
4.14174
4.3127
3.72755
3.68435
4.19835
4.21608
4.19013
4.05713
4.33943
4.39371
3.69113
4.17496
3.9701
4.27254
3.90495
4.23356
4.0351
4.25936
3.66507
4.14127
4.09735
4.05058
3.69647
4.05042
3.74149
3.93908
3.93971
3.78736
4.15505
4.4871
4.04722
4.08438
4.10855
3.90433
4.07404
3.92696
3.96516
4.06327
3.86636
4.02126
4.07322
4.36839
3.92527
4.31231
4.11998
3.93501
4.19246
3.78116
4.04594
4.49105
4.20357
3.63834
4.01019
4.06448
3.7423
4.04538
4.49506
4.23336
4.37323
3.98438
4.05196
4.28458
4.15611
3.88049
4.15313
4.08903
3.93766
4.093
4.14873
4.15227
3.37279
3.90711
4.04504
4.05882
4.30935
4.0077
4.07647
4.03031
3.90892
4.04721
3.88251
4.07105
4.3351
3.62908
4.08055
4.22049
4.11607
3.84196
4.18262
4.24377
3.91111
3.93189
3.91278
4.07495
4.04728
4.49414
4.12334
4.31117
3.95823
3.78204
4.15179
4.11614
3.94521
3.92782
4.25436
4.12284
4.16334
3.92549
3.96419
4.27255
4.22782
4.48285
4.21111
4.32242
4.21657
4.49532
3.89966
4.29562
3.85268
4.14346
3.79908
3.85015
3.91337
3.68723
4.20711
4.38025
4.43153
4.35784
4.02809
4.23962
4.29706
4.10113
4.20108
4.54226
3.96536
4.16818
4.27724
3.82161
4.16677
4.3269
4.33895
4.30523
4.5297
4.05258
4.14794
4.00979
4.18257
3.81172
4.15561
4.09829
4.02175
4.26472
4.65798
4.33943
4.26571
4.2552
3.98099
4.25619
4.21014
4.07323
4.22104
4.37462
4.28805
4.19153
4.38402
4.25669
4.36734
4.27111
4.16966
4.27383
4.50642
4.18484
4.16059
3.93834
4.05319
4.19888
4.15878
4.46438
4.15797
4.16988
4.1163
4.34262
4.23653
4.35231
4.12565
4.21
4.07174
4.11904
4.11262
4.5683
3.68366
4.14847
4.03264
3.89564
4.08797
4.47783
4.19679
4.40949
4.03356
4.28722
4.30398
4.01711
4.11447
4.17496
4.19133
4.08382
3.8515
4.31818
4.20167
3.98526
4.25508
3.89017
3.98349
4.1956
4.4037
4.12034
4.53181
4.46078
3.88077
4.17366
4.17041
4.15508
4.45643
4.58427
4.08864
4.21452
4.37465
4.15123
4.23628
4.21207
3.96057
4.52439
4.05197
4.23621
4.29012
4.03667
4.29879
4.25863
4.07461
4.26716
4.19911
3.74377
4.37357
3.98506
4.36878
4.4062
3.99837
4.28997
4.17983
3.93404
3.87445
3.93469
4.23767
4.45469
4.10602
3.93806
4.20027
4.05442
4.11632
4.54515
4.07533
3.91204
4.9799
3.95597
3.79794
3.96127
4.32074
4.03842
4.36712
4.26558
4.33757
4.12182
4.16557
4.24927
4.16566
4.25399
3.94659
3.32735
4.58722
3.81676
4.08833
4.26891
4.50399
4.18313
4.27698
4.08495
3.95782
4.28773
3.97135
4.45929
3.88915
4.15458
4.20651
4.37986
4.07581
4.47113
4.44844
4.28538
4.58294
4.31761
4.18468
4.34791
4.23227
4.27482
4.24676
4.33098
4.36691
4.36905
3.99296
3.87394
3.94114
4.56073
4.53618
4.67682
4.23056
4.59969
4.08247
4.1218
4.43339
4.16783
4.3436
4.11381
4.20626
4.31284
4.34584
4.06165
4.39791
4.05328
4.44121
4.18063
4.0096
4.40752
3.85562
4.08202
4.08651
4.07194
3.75914
4.56672
4.38575
4.37681
3.95669
4.32626
3.999
4.34618
4.20807
4.21616
4.271
3.88602
3.85301
4.55358
4.60629
4.24561
4.40244
4.27485
4.05732
3.98804
4.53156
3.86045
4.29686
4.12541
4.01133
4.23843
4.22559
4.20422
4.04086
4.07286
4.07916
4.24022
4.26307
4.37025
4.08644
4.38586
4.47856
4.21459
4.34767
4.23929
4.59507
4.07668
4.06252
4.09431
3.62196
4.17933
4.04677
4.0739
4.1115
3.92444
3.61483
4.44269
4.45819
4.69631
4.74463
4.22721
4.35826
4.33371
4.24491
3.80869
3.98806
4.09733
3.50795
3.66749
4.44271
4.42219
4.24003
3.89309
4.20604
4.21426
4.00067
4.10466
3.83091
4.00953
3.83125
4.45627
4.1425
4.02086
4.17581
3.9823
3.93201
3.95747
3.78907
4.25413
4.19561
4.58706
3.91179
4.17105
4.29855
3.80497
4.0076
4.10296
4.01776
4.4802
4.52836
4.21671
4.04246
4.20282
4.41293
4.06673
3.96575
4.15871
3.95311
4.27979
4.02386
4.35532
4.58802
4.21586
4.01225
4.52772
3.84553
4.34752
4.34228
4.31394
4.33848
4.12203
4.30484
4.1399
4.17747
4.01756
4.23286
4.49467
4.15762
4.31666
4.19012
4.34176
3.81657
4.04202
4.00411
4.04974
3.93748
4.2179
3.94074
4.05908
4.16587
3.62249
3.90351
3.7099
3.68334
3.9007
3.65488
4.29091
4.30461
3.94096
3.13681
4.06066
4.01901
3.33745
4.09233
3.90617
3.59327
4.12914
3.64318
4.11857
3.90415
4.335
3.62458
3.79336
3.80928
3.53223
3.5985
3.78307
3.96659
4.44043
4.29257
3.66325
3.67489
3.76555
4.23073
3.21467
3.84996
4.33833
4.3732
3.77162
4.21074
4.05244
4.10511
3.92151
4.04814
4.05576
3.69707
4.45714
4.08853
4.29758
4.15672
4.00437
3.60013
3.86339
4.12278
4.2234
3.69971
4.10192
3.71563
3.96347
3.99243
3.82829
3.97792
4.21103
3.97496
3.91772
4.13349
4.08716
4.09535
4.46917
4.18616
4.14051
4.31868
4.4067
4.32829
3.79017
4.0981
4.15817
3.82154
4.13162
4.45839
3.69306
4.14241
4.03631
4.37661
3.79678
4.48374
3.91571
4.30804
4.30955
4.1605
3.77825
4.56081
4.34588
3.54561
4.42618
4.05614
4.03842
4.46835
4.19037
4.07476
4.24957
4.12708
4.05759
4.25495
4.22995
4.19282
4.38438
4.63185
3.91522
4.16545
4.24327
4.29524
3.94458
4.09964
3.99518
4.35668
4.19455
4.114
4.10076
4.09032
4.4412
4.32198
3.95974
4.16195
4.23388
4.31234
4.3411
4.20166
3.92364
4.3767
4.172
4.10314
3.92068
4.19982
4.5125
4.18202
3.99684
4.0493
4.10506
3.63211
3.8125
4.60359
4.07427
3.97425
3.99425
3.76243
4.05253
3.952
4.16881
4.19148
3.9365
4.35707
4.27581
4.26253
4.1811
3.93367
3.82555
4.36621
3.85159
4.24365
4.0864
4.29617
4.12276
4.29109
4.17782
3.70187
3.58777
3.71224
4.32661
4.27254
4.33132
4.06916
3.89537
4.24616
4.40691
3.85958
4.42096
4.1145
4.18225
4.11741
4.10604
4.12096
4.25968
4.30167
4.25041
4.04453
4.35635
3.7222
3.89031
4.12632
4.11992
4.03011
4.38526
4.18158
4.27185
4.0685
4.28969
4.15894
4.30056
3.92106
3.95948
4.21277
4.05315
3.83384
4.01167
4.3422
3.82068
3.92187
4.04159
3.63152
3.92288
4.42308
4.27823
3.90962
4.35322
3.97829
3.59767
4.10646
3.83796
4.04542
4.25159
4.01251
3.99025
4.231
4.19672
3.63607
3.85549
3.63558
3.83535
4.00631
3.88683
3.95324
4.25629
4.23878
3.80716
3.69248
3.77099
3.42285
3.69806
4.0001
4.2252
4.30388
4.15624
4.32496
4.20619
4.00144
3.67141
4.2304
3.93718
4.24867
4.54637
4.29769
4.17084
4.27317
3.31865
3.79319
3.99085
3.83477
4.15669
4.05388
3.93285
3.95466
3.75311
4.3081
4.12405
3.89834
4.41013
3.73756
4.0243
3.99635
4.16292
3.87617
4.33431
3.89194
4.3356
3.88344
4.27066
3.88357
3.95779
4.06303
3.61257
3.96365
4.2184
4.51476
4.30651
4.06623
4.03032
3.8815
4.03169
4.24543
4.19334
4.17819
4.38968
3.73147
3.82137
4.53747
4.4547
3.85484
4.38276
4.06392
4.101
3.95704
4.48892
4.033
4.11008
4.18963
3.97181
4.18908
4.22844
4.04564
4.04279
4.35558
4.13315
3.90326
3.8006
3.94312
4.41561
3.77124
4.08446
4.04835
4.24106
4.20428
4.16151
3.80439
4.19793
4.01822
4.33048
4.57011
4.38293
4.10753
4.33558
4.21945
4.29416
4.00441
4.00564
4.20943
4.40323
4.15546
3.78978
3.94478
4.0078
3.76548
3.86508
3.82059
3.92302
4.28159
4.13557
3.96085
3.47634
3.94672
3.99623
4.01869
4.16466
3.72454
3.55788
4.36099
3.89505
4.12849
4.08508
4.07361
4.19095
4.07883
4.19345
3.89783
3.88106
4.09865
4.18408
4.28464
4.11302
3.96176
4.08772
4.23972
3.96282
4.10356
4.10172
3.94232
3.97408
4.14556
3.80253
3.95384
4.02844
4.42965
3.99888
3.65306
4.21956
3.75778
4.0411
4.03496
3.97558
4.06104
4.0556
4.13519
3.76953
3.49972
4.22511
4.22635
4.22381
4.0937
3.98931
4.11307
4.10251
3.85373
3.7363
4.24905
3.63013
3.92115
3.74492
4.06817
3.68814
4.13017
4.2443
3.94393
3.98614
3.50389
3.80223
3.98472
4.00607
3.81215
3.6942
4.32487
3.90877
4.2975
3.69551
3.80114
3.81613
4.23518
3.97623
4.28056
4.22401
4.17656
3.89845
3.95508
4.06164
4.08259
4.15631
3.938
4.40511
3.93772
4.27184
3.7861
4.41504
3.97265
3.98311
4.15036
3.7778
4.08896
4.19108
4.25137
4.21854
4.05653
3.98347
4.20178
4.2059
3.87939
3.86772
4.07039
4.17366
4.09361
4.27774
4.38419
4.02801
4.11886
3.73489
4.30369
4.21943
3.81565
4.24817
4.0693
4.33386
4.42824
4.61151
4.21533
4.25087
4.30817
4.15094
4.09307
4.42255
3.80769
4.5085
4.20305
4.42936
4.51574
4.25454
4.09625
4.59829
4.41022
4.11356
4.36828
4.44616
4.37758
4.91563
4.43718
4.23895
3.96566
4.10837
4.6062
3.96883
4.19125
4.47957
4.3066
4.36534
4.35775
4.19014
4.49499
4.35381
4.14655
4.00518
4.28649
4.1453
4.14333
4.17805
3.91115
4.2273
4.58193
4.23347
4.17801
3.94839
4.02637
4.38569
4.09005
3.9914
4.9575
4.36216
4.28776
4.75805
3.89702
4.34685
4.31372
4.25814
4.32599
3.82548
3.89525
4.13477
3.6926
3.62914
3.58475
4.16435
3.98296
4.2631
3.99121
4.33384
3.7896
3.97043
3.96494
3.62439
3.59231
3.97439
3.75724
3.95737
3.86777
3.8042
3.81
4.37908
4.28975
4.12732
3.72109
4.00472
3.87506
3.85112
3.88565
3.99621
4.07605
3.7737
4.23185
4.18061
4.04853
4.11448
3.82896
4.18498
4.19575
4.11425
3.79202
4.08516
3.85621
3.55766
3.85048
3.81159
3.73236
3.94988
3.87409
4.14415
4.33947
3.64554
4.00292
3.66854
3.61683
4.19293
3.73747
3.61974
4.21375
3.78218
3.61236
4.29633
3.84251
4.24188
4.13906
4.01578
4.11818
4.46538
3.80963
3.89484
4.02908
3.95045
3.82963
3.87535
4.68179
4.25068
4.24028
3.91225
4.19024
4.01331
4.14394
3.66711
4.30031
4.05505
3.87624
4.11958
4.29691
4.1217
4.05425
4.01553
4.09935
3.98099
4.29864
3.88863
4.0096
4.19941
3.73418
4.01369
3.9545
4.22535
4.1896
4.37825
4.17496
3.86688
3.53937
4.08343
3.87272
4.17354
3.97738
4.33781
3.99623
4.53288
4.16028
4.48333
4.13913
3.72458
4.39983
3.86484
4.08992
4.30542
4.37391
3.92126
4.29441
3.9972
4.1339
4.24969
4.07268
4.07509
4.08919
4.03157
4.00382
4.1079
3.97731
4.00884
4.54208
3.97756
4.19429
4.37409
4.09184
3.83901
4.21238
4.23724
4.37753
4.14404
4.30596
4.23649
4.15779
4.15115
4.19007
4.52218
3.97816
4.20557
4.08753
4.44416
4.1433
4.54505
3.80244
3.94368
4.04441
3.839
3.94409
4.25649
4.12212
4.25451
4.32668
4.38069
4.18757
3.84555
3.86157
4.59372
4.31314
4.23562
3.99805
4.10622
4.39967
4.35488
4.15214
4.15296
4.51959
3.95678
3.99873
4.03647
3.99214
4.40547
3.82262
3.86537
4.20021
4.1676
4.21431
4.03931
3.9343
4.45725
4.02383
4.1823
3.83906
4.24845
4.14952
3.4861
4.40997
3.88447
3.84436
3.87475
3.88706
4.00454
4.06317
3.72643
3.99427
4.0286
3.90532
3.91205
3.90326
3.87189
3.90239
4.09751
4.19369
4.17117
3.77655
4.41189
4.03557
4.12604
3.94276
4.05868
4.3604
3.9619
4.10343
4.16354
4.15484
4.29436
4.39747
4.28317
4.03198
4.14852
4.1194
4.45632
4.06275
4.01782
3.86688
3.96662
4.20064
3.78851
3.69534
4.163
3.79815
3.8238
4.09514
4.08502
3.74928
4.08917
4.23665
4.08275
4.04638
4.09842
3.99582
4.18812
3.96648
3.63045
3.71523
3.96565
3.63239
4.15941
4.35254
3.93822
3.96447
4.08851
3.98909
3.75216
3.78576
4.34729
4.27222
4.13555
4.62411
4.06679
4.25375
3.94832
3.99758
3.80963
4.13494
4.39772
4.36493
4.44453
4.00676
4.1534
4.25689
4.26145
4.03404
3.97415
3.98955
3.99846
4.01843
3.87797
4.13032
3.79398
3.97477
3.84416
3.48129
4.00426
3.78645
4.29105
4.26509
3.95264
3.99652
4.56777
4.17935
4.46362
4.47742
4.0528
4.0602
4.10572
4.03773
3.99679
4.29958
3.60701
4.11798
4.22112
4.37013
4.21398
4.54941
4.15069
4.40976
4.00369
4.30641
4.05044
3.90547
4.26659
4.32992
4.15679
4.34508
4.40381
4.31774
4.56675
4.18088
4.28611
4.02332
4.04602
4.02155
4.18799
4.06562
3.99906
4.42119
4.18982
4.04589
4.16388
3.76852
4.37303
4.22549
4.21521
4.13459
4.42106
4.33153
4.12948
4.46751
4.00703
4.11394
3.99261
4.17196
4.35819
3.52056
4.32502
4.28942
4.09921
4.12302
4.03891
3.97631
4.4247
3.39131
3.86566
4.37349
3.97703
3.64604
4.35182
3.21361
3.68303
4.40243
4.27992
4.0631
4.11298
4.12286
4.07584
4.13623
3.74269
3.92582
4.1676
3.9102
4.07669
3.8571
4.39947
4.01908
4.09228
4.08253
4.06043
4.37602
4.03708
3.66369
3.92102
3.8726
4.185
3.66328
4.02774
3.9987
4.2637
4.16054
4.21762
4.17869
4.39919
3.81893
3.81246
4.11268
3.40108
3.96711
4.14544
4.14473
3.8543
4.08258
3.56029
3.92795
4.01155
3.9069
4.05066
4.25056
4.13632
3.80899
4.35808
4.08594
3.60046
4.10829
3.51917
3.80574
4.32122
4.56151
3.95696
4.00943
3.71291
3.87787
3.79278
3.86516
4.02895
4.49628
3.92994
4.12252
3.88869
4.26743
3.97878
4.10584
3.90742
3.82651
4.34669
4.25724
3.75928
3.8393
4.04229
4.11234
3.97055
4.13655
3.82241
4.18334
4.24677
3.87189
3.98961
4.17293
4.23566
3.86767
4.28098
3.73306
4.21483
3.85175
4.29411
4.04286
4.14662
4.12334
4.47093
3.93294
4.31592
3.88527
4.12507
4.03936
4.52907
4.0397
4.29873
4.25698
3.89688
4.24934
3.81634
4.04117
3.98387
4.00263
4.10055
4.19804
4.11525
4.28208
4.04756
4.55459
4.21939
4.29913
4.19507
4.5294
4.00392
3.98054
4.02125
3.94178
4.27251
4.26931
4.09091
4.30916
3.94368
4.57348
4.36675
4.14143
3.96096
4.19632
4.31755
4.16412
4.072
4.1003
4.01857
4.07714
4.17
4.06672
4.06078
4.07774
4.00497
4.06374
3.98406
4.22029
4.1998
4.30476
4.06778
4.54344
3.63872
4.38804
3.99081
4.06687
4.16472
3.91466
4.12138
4.58967
4.42821
4.35024
4.06038
3.93174
3.88614
4.06671
4.08047
4.08873
4.45867
4.57244
4.11137
4.13862
4.64484
4.0421
4.1152
4.22069
3.89639
4.44057
4.54316
3.88884
4.31083
4.24365
4.21056
3.99481
4.3961
3.80822
4.42684
3.77302
4.1235
3.84205
4.2554
4.44531
4.24024
4.36178
3.67603
4.41521
3.9517
4.28986
4.30091
3.89353
3.61919
3.88006
4.15751
4.14222
3.58334
3.88249
3.96471
3.76336
3.70798
4.07061
3.87291
4.2112
4.11211
3.69198
3.47419
4.44078
4.05804
3.76306
3.96704
4.05886
4.04021
3.99466
4.08687
3.9776
3.79897
4.25147
3.75321
3.88987
4.04828
4.18631
4.00918
4.39269
4.16675
3.99905
4.09687
3.8845
3.99751
3.69255
4.3404
3.94471
3.98872
3.75428
4.12826
4.00816
3.84264
3.99029
3.81884
4.23448
3.94264
4.23666
3.79068
4.27859
3.87603
4.16193
4.76511
4.16458
4.5896
4.29668
3.84549
4.06357
4.40177
3.5996
4.23868
4.37798
4.15252
4.42397
4.61743
3.80457
4.06144
4.12441
4.48884
4.31154
4.32581
4.03214
4.47091
4.48818
4.26775
4.29023
4.55386
4.13225
4.35742
4.3694
4.61798
4.31132
4.02064
4.12034
4.19336
4.32809
4.22309
4.684
3.99965
3.88901
4.10571
4.17377
4.62457
4.11869
4.36276
3.85017
4.10582
4.32777
4.32824
4.21823
4.14337
4.10519
4.19044
3.83691
4.21263
3.93191
3.33861
4.04642
4.21375
3.88833
4.25952
4.39108
3.71428
3.40091
4.22344
4.26231
3.78464
4.18198
4.05555
4.28906
4.39074
3.89956
4.01634
3.95943
4.11851
3.60747
4.26293
3.84993
4.03789
4.12265
4.00694
3.94193
3.54385
3.9875
4.31427
4.04478
3.73901
3.79757
3.60127
4.07631
4.28674
4.17916
3.76876
4.03928
3.72892
4.12849
3.91773
3.99661
4.1798
3.98471
3.91404
4.74836
4.14324
4.41543
4.01837
4.08048
4.18164
4.37839
4.1579
4.13154
3.88141
3.95467
4.20644
4.54356
3.77112
4.04036
4.02298
4.38393
4.45928
4.12355
3.87864
3.77393
4.30827
3.91334
3.97111
4.17439
3.73494
4.25991
3.90222
3.99192
4.20475
3.50339
4.16015
4.10933
4.01681
4.09484
4.24403
3.94538
4.48068
4.17935
4.24287
4.46431
3.85093
4.21817
3.90402
3.95252
4.00126
3.90293
3.8855
4.63239
4.07434
3.96864
3.72633
4.02738
4.2975
4.30951
4.14943
4.27371
4.13757
4.25629
4.18151
4.10672
4.21646
3.84499
4.46281
3.85013
4.13972
4.5842
3.6485
4.10833
3.79027
4.03682
4.10732
4.24687
3.9775
4.21067
3.99346
4.20423
4.3044
4.22028
4.00308
4.12003
3.95335
3.9603
4.35577
4.00113
4.29527
4.13963
3.89129
4.02674
4.08757
4.22046
4.20658
4.07487
4.41034
4.24577
4.14027
3.68419
4.61469
3.99611
4.01753
4.18536
4.02136
4.46083
4.19376
4.51241
4.11767
3.96551
3.85643
4.12969
4.21427
3.97761
4.06773
4.36276
4.47007
4.50511
4.51718
4.35415
4.39768
4.21302
4.26244
4.35921
4.22728
4.07494
4.34608
4.25779
4.23138
4.60526
3.86988
3.83166
4.31964
4.18164
4.23751
4.27581
3.95952
4.73983
4.118
3.8694
4.38022
3.66576
4.13573
4.1133
4.15709
4.16886
3.94158
4.11471
3.91593
4.139
3.97331
4.08625
4.6315
4.24509
4.09227
3.87068
3.67486
3.4423
3.84354
3.77926
3.90157
4.4058
4.25429
4.34465
4.37377
4.24502
4.12876
3.98118
4.22359
3.76907
4.23837
4.11937
4.33012
4.35893
3.94666
3.7807
3.89681
4.23919
4.06812
4.3538
3.85537
3.5961
3.89921
4.21766
4.07472
4.17017
4.35118
3.65318
4.10325
3.8464
3.73655
4.15513
4.23702
4.2972
4.11802
4.09464
4.14563
4.21095
4.13438
3.99342
4.11152
3.94624
4.43625
4.02429
4.49128
4.53177
3.87405
4.19355
4.59489
4.63188
4.11756
4.05468
4.25065
4.44746
4.17733
4.36639
4.21743
4.34564
4.55861
4.22684
4.05607
3.90649
4.23477
4.32539
4.25908
4.393
4.19187
4.31518
4.22521
4.22816
4.18964
4.83756
3.97311
4.47957
4.086
4.09128
4.01198
3.70271
3.99853
3.92247
3.78173
3.89807
4.20629
4.11642
3.59495
4.32561
3.49489
3.61702
3.88955
3.66197
4.01243
3.97767
3.78384
3.725
4.48755
3.57943
3.85677
3.92416
3.75705
3.96543
3.97976
4.15758
4.29158
3.83965
3.98261
4.02379
3.69674
4.07834
4.12486
3.91027
4.26844
3.88166
3.98464
3.89834
3.73974
3.72531
3.86128
3.82334
4.0183
4.22323
3.97344
3.84229
3.70662
3.42148
4.22343
4.06087
4.14155
3.69056
3.90948
3.78707
3.75503
4.03315
4.17055
4.03528
4.31622
3.71109
3.70035
4.01769
3.85364
3.6296
3.9804
3.84237
3.80251
4.216
3.68266
3.94966
3.45978
4.25873
4.03666
3.65
3.91221
3.85844
3.57381
3.7771
4.15616
3.78596
3.84504
3.99252
3.6984
3.6921
3.78975
3.83654
4.15229
4.13886
4.0903
3.78675
4.11786
4.11042
3.70853
3.88739
4.12909
4.45091
3.7867
4.20632
4.17328
4.44254
3.84609
4.49767
4.1681
4.23592
3.9644
4.19395
4.24254
4.02554
3.97271
4.65337
4.50484
4.19289
3.77296
3.54425
3.90958
4.03298
3.60949
4.34983
3.78348
4.01345
4.10218
4.24602
4.27069
3.94341
4.16159
4.09332
3.94314
3.86916
3.94158
4.01826
4.0548
4.35073
4.41115
4.16662
4.0779
3.83009
4.1969
3.9211
4.16461
4.2304
3.95247
4.05254
3.9669
3.8338
4.09533
3.98421
4.06714
4.08092
3.6661
4.68002
4.06424
3.8799
4.33307
4.25234
4.50408
3.86098
4.32821
4.21963
4.34036
4.36808
4.03332
3.7005
4.17115
3.95132
3.92797
4.17237
3.89839
4.24505
4.23344
3.76436
3.73252
4.33468
3.91168
3.88382
4.08333
4.14736
3.72047
3.81911
4.16511
3.8341
4.25766
3.93398
4.32403
3.97128
4.33255
3.9966
3.90822
3.81055
4.174
4.05636
4.36949
4.17434
3.71364
4.02422
4.13166
3.9268
3.74257
3.98158
4.14549
3.9426
4.27643
4.02444
3.89975
3.86891
4.15376
3.93347
3.81187
3.72375
4.01545
3.99572
4.20576
4.12716
3.8866
4.33753
4.34957
4.32176
4.21715
4.20035
3.93595
3.97603
4.1492
4.33391
4.25866
4.5298
4.40258
3.71205
4.07129
4.17663
4.29094
4.1046
4.08246
4.43637
3.88322
4.2232
4.10201
4.23086
3.98083
4.33059
4.33821
4.65999
3.71127
4.25918
4.55662
4.11653
3.86854
3.96667
4.3016
4.12085
4.27212
3.67214
3.54376
4.24028
4.18023
4.22291
3.97353
4.59788
4.11151
4.05237
4.13044
4.28863
4.19305
4.09469
3.8645
3.96552
4.08168
4.29568
3.82346
3.98608
3.89517
4.37252
3.80143
4.37322
3.77482
4.21236
4.37237
4.51755
3.98653
4.14813
4.28137
3.93503
4.10589
4.22719
4.03888
4.11609
3.69075
4.18393
3.99745
3.86476
4.11411
4.25721
4.45794
3.62232
4.10363
4.15385
4.35826
3.99238
4.01044
4.23158
4.19182
3.87576
3.67734
4.20074
4.1725
3.95645
4.44903
3.91766
4.2884
3.92236
3.78057
4.09437
4.07316
4.06022
4.17223
4.03349
4.10133
3.93838
3.96106
4.15752
4.04098
4.15734
3.9196
3.84996
3.97182
3.97112
4.05368
3.74412
4.2208
3.85643
3.91812
3.94956
4.14525
4.00972
4.3727
3.81875
4.16087
3.852
3.84413
4.24563
4.39467
4.29381
4.10681
4.24809
4.51903
3.8431
4.15494
4.03424
3.87971
3.80519
4.22889
4.21709
4.21206
4.16836
4.39952
4.17349
3.82054
4.03983
3.79871
3.87698
4.01291
3.97423
3.95538
4.04867
3.81091
3.75518
4.14101
4.21722
4.26539
4.26451
4.27918
4.4077
3.90483
4.16125
4.15355
4.05924
4.11273
3.99905
4.3792
4.55841
3.93208
4.44919
3.62257
4.04138
4.51298
4.12203
4.05909
4.16275
4.23342
4.48656
4.2515
4.29367
4.74677
3.74579
4.23871
3.90218
3.92032
4.05724
3.99201
3.95314
4.0871
4.38387
4.48775
4.12143
4.16016
4.32714
4.13539
4.01221
4.17115
3.65771
4.24417
3.99091
4.55448
4.41335
3.94593
4.3853
4.08885
4.04161
4.34434
4.58066
3.72534
3.99381
3.84615
4.06639
4.3287
3.73813
4.27632
3.37488
3.74027
3.66823
4.08172
4.32043
3.85908
4.08901
4.09792
4.11354
4.11949
3.90203
3.97609
3.5349
3.98865
3.80966
3.88514
4.0338
3.90165
4.21574
4.22874
3.80019
3.90652
3.91864
3.58023
4.1419
3.94349
3.87164
4.23604
3.68505
4.10784
4.18418
3.98728
3.92138
4.01851
3.58005
3.84978
3.77214
4.01895
4.20854
4.19174
4.03398
4.44407
4.1917
4.30589
4.07843
3.91739
4.3302
4.07132
4.34798
4.27185
4.16639
4.31274
3.74171
4.21796
4.13715
4.14136
4.19825
4.22489
3.85003
4.53129
4.21175
4.67888
4.47511
3.9883
4.22221
3.4805
3.8359
3.63257
4.39298
4.03956
4.14634
4.04471
4.339
3.93325
4.31339
4.29526
3.73136
4.19672
4.32149
4.14862
4.0176
4.20445
4.41882
4.09392
4.13669
3.98189
3.93059
3.83908
4.14678
4.11272
4.46494
4.19364
4.33628
4.33355
4.17311
3.94996
4.0249
4.10819
4.26684
4.18654
3.80659
4.15686
4.04186
4.48024
4.30339
4.37586
4.04967
4.16535
4.04184
4.43458
3.81106
4.03928
4.15586
4.12679
4.28188
4.01327
4.16162
4.13077
4.2853
4.23773
4.18425
4.15168
4.27418
4.35116
4.00247
4.13582
4.17565
3.73337
4.15581
4.22282
3.63873
4.53243
4.26199
4.6268
3.9657
4.01898
4.31617
3.96578
4.07801
4.32551
4.30949
4.45732
3.8672
4.33118
4.10858
4.29769
4.13672
4.59182
4.63919
4.32319
4.12675
4.41832
4.38654
4.31597
4.31189
4.29236
4.28581
4.34686
4.03341
3.77077
3.89739
4.21812
4.17359
4.00927
4.36638
3.57286
4.18007
3.87717
4.04632
4.35357
3.99967
4.1865
3.79398
4.30253
4.22806
4.42824
3.70804
4.34885
4.15134
4.43908
4.43662
4.109
4.17149
4.12422
4.12678
4.29999
4.37401
4.02789
4.24202
3.95091
3.99901
3.78124
3.75068
4.58338
4.19707
3.8569
4.20168
3.99787
4.59353
4.01287
3.93976
4.11368
3.65302
4.16536
4.76792
4.16135
4.13617
4.37805
4.12081
4.12397
3.87399
4.19047
3.92133
3.96021
3.75495
4.76655
4.10577
4.26892
4.43272
4.46648
4.30422
4.36539
4.31632
4.17683
4.20652
4.32191
4.26867
3.99853
4.5546
4.1963
4.35502
4.15741
4.36214
4.38656
4.42713
4.57974
3.98804
4.29751
4.36844
4.39198
3.93245
4.05252
3.82332
4.04274
3.79552
4.03329
4.34363
4.53114
3.76532
4.33957
4.24329
3.90336
4.27181
4.02568
3.89869
4.40112
4.28675
4.24703
3.83826
4.02372
4.02847
3.86395
3.85199
3.86062
4.12152
4.06205
3.96865
3.92957
4.17244
3.90023
4.08539
4.35947
4.01316
4.25364
4.32207
4.08808
3.61962
4.15204
4.08935
4.23152
3.7448
4.04522
3.89708
4.30006
3.97833
3.5503
4.01008
3.91946
3.96385
4.05178
4.17394
4.30241
3.97467
3.83187
4.08894
4.07046
4.48955
4.38624
3.75657
3.97684
3.85988
4.28793
4.2912
3.96557
4.13008
4.27601
4.0047
4.48054
4.00065
3.97785
4.14853
4.60703
4.00393
4.28438
3.86667
4.27585
4.04005
4.45072
4.37793
3.74586
4.20134
3.85404
3.96214
4.11994
3.85255
3.939
4.22644
4.32057
4.21145
4.23574
4.04575
4.05491
3.9708
3.91
4.04203
4.46965
4.2376
4.19894
4.10478
4.53243
4.2291
3.82074
4.00447
4.56606
3.98443
4.39872
4.16397
4.3014
4.31784
4.61989
4.09495
3.71788
3.95368
4.17991
4.18327
4.33418
4.14313
4.40176
4.06379
4.26125
3.91044
3.97719
4.11886
3.99062
4.116
4.47725
3.79497
4.24749
4.42204
4.03231
4.33075
3.76246
4.17071
4.26939
4.16988
3.84941
4.36809
3.84
4.18386
4.07069
4.12509
3.89375
4.39236
4.20759
4.51989
4.17756
3.8869
4.25239
4.36804
4.2307
3.914
3.98509
4.26143
4.28714
4.04001
4.17184
4.41195
4.10537
4.03333
4.34081
4.08822
3.99015
4.31391
4.00853
4.7188
4.27955
4.14119
4.07378
4.21001
4.06081
4.25122
4.15297
3.8697
3.73934
3.79395
3.89274
4.30134
3.90593
3.57636
4.36817
4.1586
3.88493
3.93745
3.64318
4.04623
3.76362
3.5856
3.619
4.25555
3.15657
4.24434
4.43098
4.00819
4.24368
3.99197
3.90699
4.22703
3.99238
4.51721
4.13461
4.29365
3.88152
4.30325
4.18381
4.28678
4.00628
3.92452
4.44424
4.26715
3.93029
4.19862
4.08282
4.44089
4.07411
3.91656
4.41136
3.94656
3.98942
4.32813
4.09082
3.4376
4.3839
4.03797
4.29643
4.67743
4.10123
4.00369
4.15048
3.94294
4.30041
3.85156
3.96436
3.9073
4.09723
3.92553
4.33167
4.09087
4.05781
3.861
4.31153
4.07804
4.18607
4.20111
3.80534
4.25448
4.08928
4.23066
4.11734
4.00155
4.31025
4.42847
4.25446
4.3824
4.13275
4.33061
4.1335
4.31058
4.15962
4.40405
3.78118
3.94976
4.47886
4.38329
4.31912
4.25212
3.88226
3.95068
3.93955
3.61889
3.93147
4.03799
4.26923
4.43963
4.36462
4.06245
4.50827
4.2239
4.47788
4.1463
4.18949
4.28821
4.22155
4.26456
4.45643
3.97604
3.6778
4.16813
4.21101
4.08272
3.98212
4.18826
4.1979
4.15521
3.93391
3.92819
4.11588
4.47952
4.00573
4.35467
3.81572
4.0792
3.84015
4.31438
4.25202
4.23103
4.44481
3.97728
3.98421
3.84806
4.33886
3.73022
4.25361
3.79218
4.1985
3.75717
4.0403
4.09218
3.46089
4.08647
4.05494
3.90404
3.96558
3.92433
4.0608
4.25605
3.87778
