18.0015
18.172
18.2745
18.1973
17.9967
18.2475
18.2102
17.7304
17.8955
18.5432
17.6933
18.0339
18.0007
17.8179
18.1486
18.1204
18.2873
17.9276
18.0455
17.8558
18.4472
17.7481
17.905
17.9365
18.3168
18.0721
17.8706
17.942
18.3494
18.5453
18.6326
18.4894
18.1268
17.9805
18.0545
18.161
17.7602
18.0507
17.9662
17.9957
18.2356
18.152
18.3022
18.6237
17.9736
17.7373
17.9244
18.2156
18.1634
18.0604
17.9771
18.249
17.8033
18.5517
18.2481
17.8738
18.0978
18.3545
18.2097
18.2097
18.5797
17.9508
18.1317
18.4201
18.0251
18.4127
17.9385
18.1844
18.1975
18.0952
17.896
18.1132
17.679
18.1609
18.3538
18.0898
18.012
18.4312
18.314
18.2296
17.7932
18.0917
18.4465
17.957
18.1315
18.2882
18.2552
17.6943
18.1979
18.1941
18.5833
17.9089
18.198
18.345
17.9491
18.1379
18.414
18.2098
18.3712
17.9229
18.6358
18.3731
18.3446
18.4603
18.1497
18.5457
18.0339
18.5132
18.1093
18.4664
17.9766
17.9182
18.2988
17.9671
18.0874
18.3343
18.0554
18.0681
18.2975
18.2069
18.4865
17.7916
18.3635
18.2134
18.2684
18.0847
18.2065
18.2986
18.3578
18.4412
17.9878
18.0837
18.2923
18.0997
18.1938
18.2647
17.9763
18.1833
18.3609
18.716
18.6244
18.1327
18.0091
18.0492
18.1901
18.0326
18.1673
18.2998
18.4064
18.2228
18.5687
18.0714
18.3801
18.284
18.1567
18.3133
18.0994
18.4794
18.3809
18.3048
18.205
18.494
18.3199
18.3691
18.6097
17.819
18.1297
18.4029
17.9653
18.2838
18.5083
18.2658
18.3986
18.1098
18.2639
18.5141
18.0175
18.0404
18.0842
18.0244
18.5038
18.5213
18.2707
18.2267
18.8842
18.485
18.2539
18.4832
18.1715
18.0059
18.2988
18.3139
18.4605
18.5855
18.5392
17.972
18.3481
18.5917
18.3008
18.3066
18.45
18.1439
18.0271
18.0068
18.3137
18.2163
18.4999
18.1737
17.8994
17.8303
17.9053
18.3625
18.2308
18.1543
18.0202
18.7164
18.4131
18.1699
18.2798
18.3854
18.2588
18.1056
18.5545
18.4417
18.1854
18.3121
18.3908
18.1687
18.0842
18.3188
17.9688
17.9806
18.3967
17.8452
18.3233
18.4612
18.5398
18.0241
18.1568
17.9789
18.2612
18.1134
17.8795
18.5061
18.2819
18.236
17.5819
18.1251
18.1793
18.2774
18.1391
18.1064
18.2767
17.947
17.8129
18.6671
18.3498
18.2225
18.0959
18.1061
18.3372
18.6495
18.0475
18.1773
18.2209
18.2948
18.2483
18.0344
18.1011
18.6757
18.3532
18.1134
18.4333
18.2134
18.5186
18.4368
18.3074
18.4908
18.2982
18.1711
18.2538
18.4301
18.523
18.3632
18.4017
18.359
17.7752
18.1011
17.8544
18.213
17.8063
18.4389
18.256
18.4126
18.3184
18.3946
18.5855
17.9739
18.4512
18.3968
18.4586
18.456
18.5227
18.5496
18.1695
18.7169
18.3528
18.3415
18.6333
18.6736
18.3407
18.714
18.0092
18.8271
18.329
18.5997
18.5549
18.4807
18.5934
18.3233
18.3034
18.3949
18.3315
18.3039
18.3685
18.5123
17.9588
17.9899
18.4662
18.3005
18.5395
18.4191
18.1578
18.549
18.6534
18.3943
18.5858
18.4658
18.3693
18.7091
18.6217
18.4435
18.4311
18.3862
18.2724
18.5207
18.2649
18.2782
18.3975
18.3573
18.3563
19.0456
18.5883
18.4798
18.6069
18.351
18.2476
18.4658
18.4267
18.7548
18.498
18.4678
18.0628
17.9014
18.4656
18.7213
18.5832
18.445
18.4451
18.2138
18.5057
18.6035
18.5705
18.8454
18.575
18.3496
18.4075
18.4967
18.3582
18.4354
18.53
18.409
18.4094
18.4015
18.5069
18.5125
18.2891
18.7622
18.6448
18.1846
18.1791
18.5632
18.36
18.2284
17.8876
18.7478
17.9607
18.2742
18.4959
18.1019
18.8146
18.1852
18.3519
18.2188
18.3962
18.4818
18.3382
17.8703
18.1864
17.791
18.7268
18.2487
18.1166
18.3925
18.2174
18.3829
18.5484
18.0339
18.2593
18.3395
18.6006
18.0295
18.1722
18.627
18.3718
18.6473
18.3348
18.5974
18.3817
18.5008
18.7058
18.3892
18.4887
18.5224
18.6765
18.0214
18.4687
18.4491
18.396
18.2545
18.4747
18.3813
18.3583
18.3755
17.8438
18.4049
18.8552
18.3909
18.4998
18.2302
18.4082
18.4757
18.5994
18.5121
18.3195
18.428
18.2548
18.5941
18.0029
18.3059
18.2806
18.6256
18.4576
18.6585
18.5164
18.0537
18.2688
18.2981
18.4652
18.2297
18.3742
18.2681
18.9522
18.5681
18.3913
18.0837
18.5529
18.4136
18.1058
18.1232
18.3613
18.051
18.2566
18.1858
18.2657
18.1123
18.3001
18.4961
17.5981
18.3188
18.3682
18.408
18.5014
18.0498
18.4074
18.3922
18.1051
18.3126
17.9556
18.1236
18.7111
17.9738
18.1754
18.0372
18.3875
18.4926
18.1283
18.3069
18.5205
18.231
18.3497
18.5025
18.4443
18.2091
18.5135
17.9844
18.3657
18.8815
18.2916
18.4562
18.5055
18.1158
18.3469
18.3596
18.3386
18.1875
18.2632
18.5864
18.5173
18.1408
18.169
18.5648
18.3344
18.3162
18.2557
17.9024
17.9696
18.3928
18.2088
18.0236
18.1911
18.085
18.2508
18.1852
18.2789
18.5336
18.3694
18.3219
18.1242
18.2045
18.4007
18.6237
18.1209
18.6875
18.2347
18.1884
18.0853
18.3009
18.4083
18.1941
18.2734
18.283
18.3996
18.2233
18.1225
18.0384
18.5305
18.2136
18.6412
18.7383
18.5839
18.2825
18.4121
18.166
18.1928
18.2722
18.1794
18.2915
18.1905
18.3367
18.5792
18.6414
18.8666
18.3206
18.3737
18.3217
18.3686
18.589
18.7119
18.368
18.5069
18.5663
18.5914
18.3887
18.2923
18.3887
18.328
18.7472
18.2199
18.1608
18.4263
18.6279
18.3592
18.8973
18.4366
18.0516
18.1133
18.6835
17.9252
18.4877
18.1597
18.9449
18.5239
18.2399
18.3387
18.3847
18.313
17.9947
18.467
18.6
18.6877
18.784
18.4127
18.7576
18.4511
18.5389
18.379
18.4095
17.8822
18.2084
18.502
18.229
18.3261
18.6225
18.5142
18.5965
18.3376
17.894
18.5884
18.8669
18.3383
18.4146
18.2223
17.8094
18.4687
18.6691
18.4648
18.537
18.5994
18.3052
18.6482
18.764
18.424
18.5731
18.3784
18.3572
18.4769
18.6312
18.3436
18.529
18.5641
18.6721
18.1994
18.7772
18.1375
18.3201
18.0333
18.3583
18.5547
18.8522
18.5326
18.5622
18.399
18.2684
18.2767
18.0093
17.9411
18.1846
17.9282
18.442
18.1078
17.7835
18.3791
18.236
17.8613
18.187
17.8589
17.929
17.9982
18.6374
18.4359
18.0309
18.169
18.3194
18.4445
18.0167
18.1946
18.0377
18.0979
18.6153
17.9625
17.6996
18.0008
18.1704
18.3053
17.9224
18.0844
17.9277
17.7458
17.9442
17.9089
17.9134
18.2806
18.6248
17.962
18.254
18.0918
18.2583
18.2265
18.1424
17.9329
18.2248
18.2929
18.0316
17.921
18.15
18.4564
18.1438
18.094
18.4609
17.7322
18.2656
18.2092
18.1333
17.907
17.9729
18.2286
17.9307
18.0317
18.133
18.067
18.2078
18.5366
18.3968
18.0548
18.1583
18.0988
18.0607
18.1126
18.1314
18.272
18.6848
18.211
18.2263
17.7102
18.3643
17.4573
17.7837
18.3277
18.2268
18.1836
18.4085
18.1818
18.29
17.8697
18.5418
18.2018
18.5214
18.3722
18.2867
18.5656
18.4706
18.0433
18.4246
18.1593
18.4321
18.371
18.308
17.9714
17.9771
18.1193
18.12
18.2147
18.5577
18.4031
18.2213
18.5555
18.4261
18.1215
18.0768
18.3984
18.1726
18.4793
18.3407
17.671
18.3933
18.0918
18.5781
18.2891
18.4597
18.0019
18.3511
18.4185
17.6056
18.5507
18.017
18.339
18.0046
18.3193
18.2
17.5967
17.8907
18.0849
18.5087
18.4522
17.9144
18.6127
18.4318
18.8829
18.1618
18.2372
18.4692
18.661
18.5861
17.8379
18.1687
18.4556
18.1717
17.9947
18.3911
18.3672
18.2414
18.2732
18.3695
18.3231
17.9026
18.1004
18.4935
18.1447
17.8034
18.4554
18.2677
18.5005
18.2946
18.4897
18.0991
18.6334
17.9286
18.2272
18.6467
18.328
18.2815
18.5484
18.8735
18.2439
18.4736
17.9644
18.2489
17.9542
17.3678
18.4091
18.0405
18.0022
17.8782
18.2169
17.8747
18.3156
18.0731
18.4029
17.8564
18.5846
17.9504
17.6949
18.1945
18.3898
18.2334
18.1193
18.0198
17.473
18.0391
17.9831
18.0378
17.7
18.6404
17.6807
18.3712
18.3933
18.1305
18.0876
18.186
17.856
17.6461
18.0998
17.9679
18.4391
17.7942
18.1604
17.9981
18.0506
18.1252
17.8618
17.8264
17.7652
18.4625
17.9758
17.7342
18.2213
17.7193
18.1606
18.0079
18.2834
18.1219
18.2716
18.0852
17.6648
18.2464
18.2449
17.486
17.8438
18.1625
17.9392
17.5905
18.2123
17.9363
17.9352
18.0085
18.1649
17.8408
18.3243
18.1435
17.8332
18.0664
18.187
18.185
17.551
18.1999
18.3511
17.875
18.0411
17.9809
17.9046
17.4976
17.9752
17.8559
18.1865
18.1292
18.0567
18.0264
18.2188
18.1312
18.3079
18.408
18.2872
18.6865
18.3064
18.5202
18.1777
18.3734
17.8822
18.4091
18.431
18.0647
18.4296
18.2365
18.3711
18.3419
18.2133
17.9143
18.3665
18.4187
18.4882
18.2388
18.1791
18.1174
18.2698
18.5703
18.2047
17.816
18.2677
18.2001
18.2637
18.17
18.2482
18.4314
18.399
18.1399
17.9848
18.0446
18.2833
18.1146
17.9508
18.0987
18.2706
17.9799
18.5986
18.3401
18.3482
18.7967
18.0815
18.1299
18.1469
18.6137
17.7812
18.4563
18.104
18.4
18.257
18.2975
18.5092
18.1713
18.1532
18.4774
18.0842
18.3703
18.4104
18.094
18.2095
18.3132
18.2952
18.3345
17.899
18.1499
18.3484
18.2985
18.3585
18.5943
17.8531
18.1748
18.3573
18.5618
18.4093
18.1609
18.0477
18.6575
18.0914
17.9248
18.0789
18.1666
17.9736
17.985
18.115
18.2441
18.2299
18.1999
17.7262
18.4236
17.5503
18.3403
18.1232
17.933
18.5375
18.0894
18.1367
18.3833
18.3121
17.8045
18.0244
17.7532
17.7021
18.0671
17.8964
18.1638
18.5685
18.0379
18.2377
17.7859
18.1561
18.0673
18.2164
18.4256
18.2017
18.3994
18.2277
18.3414
18.1885
18.1768
18.378
18.3608
17.8892
18.2819
18.2161
18.0824
17.9366
18.4609
18.2122
18.4319
17.9099
17.9983
17.9888
18.8554
18.0536
18.4387
17.8146
18.3622
18.4801
17.9603
17.4896
18.1752
18.3069
18.5453
18.3764
18.0749
17.8309
17.8896
18.1754
18.348
18.2029
18.1913
18.3701
18.4247
17.9191
18.1259
18.3078
18.682
18.1228
17.9529
18.3665
18.0196
18.1376
18.3964
17.8477
18.1469
18.1253
17.8006
18.3531
18.0594
17.884
18.1876
18.1824
18.1843
18.0873
18.0573
18.407
17.9493
18.7893
17.9066
17.7368
17.974
18.1678
18.1776
17.9923
18.1498
18.1628
18.262
18.3365
17.8451
18.2191
18.1306
18.0395
18.5812
18.2716
18.0796
18.4507
18.5299
17.9642
18.3761
18.048
18.2787
18.3684
18.1946
18.1473
18.0964
18.2118
18.3485
17.9653
18.0096
18.3302
17.9513
18.1808
18.0589
18.4377
18.2409
18.1759
18.0449
17.9931
18.5574
18.182
18.3934
18.2254
18.2408
17.8982
18.2251
18.0983
18.2004
18.2139
18.2382
18.4357
18.2089
18.2657
18.3024
18.6549
17.9798
18.2542
17.7367
18.3762
18.0713
18.2836
18.0826
18.1789
18.4838
18.2505
17.9891
18.3231
18.3842
18.3218
18.2125
18.1665
18.4528
17.9898
17.5354
17.9309
18.1512
18.3433
18.0978
18.0609
18.1496
18.3722
17.9075
18.2174
17.7293
18.0217
18.0503
17.8183
18.1802
18.5146
18.1029
18.5669
18.1172
18.5033
18.1253
18.1136
18.0059
18.0702
18.6612
18.1392
18.1126
18.2339
18.4672
18.1864
18.306
18.1694
18.05
18.1107
18.1908
18.1536
18.0974
18.283
18.1765
18.272
18.0295
17.7495
17.6245
17.8435
18.2637
17.9
17.8088
18.1442
17.8665
18.5166
18.4315
17.8922
18.3072
18.2365
18.1163
18.3572
17.8756
17.8913
17.7488
18.2378
18.1196
18.391
17.9004
18.1978
18.2051
18.0332
18.2619
18.0049
18.0387
18.4273
18.2054
18.2974
18.3699
18.3837
18.3152
18.01
18.2324
18.4046
18.2062
18.1203
18.268
18.0872
17.9972
18.1809
17.8887
18.2587
18.3471
17.9334
17.6818
17.9825
18.1417
17.9039
17.9733
17.7432
17.9042
17.5371
18.493
17.9223
17.6579
17.8005
18.2563
17.7838
17.8947
18.2756
17.9782
18.0755
17.9311
17.5864
18.0264
18.0649
18.027
17.9771
18.1827
17.8728
18.0563
18.0958
18.1989
17.5351
18.1338
17.5945
17.9979
17.9538
18.0483
18.0011
18.4031
17.7994
18
18.0282
18.3278
18.4644
17.7281
18.0878
18.2799
18.2007
18.26
18.2633
17.9692
17.8148
17.6719
18.0061
18.2389
17.8818
17.9061
17.8842
17.7373
18.018
18.2756
18.1645
17.6614
17.9869
17.9855
18.2751
17.9428
17.9756
18.3081
18.1569
17.8496
17.879
18.3029
17.9901
17.8246
18.2159
18.1137
17.5549
17.8022
18.0083
17.8977
17.7012
18.5362
17.8993
17.8769
17.967
18.2657
18.4477
18.4741
18.2138
18.2945
18.5204
18.3359
18.2902
18.421
18.545
18.1637
18.481
18.3068
18.3258
18.5857
17.986
18.2808
18.3881
18.459
18.229
18.3152
18.7973
18.2231
18.227
18.4778
18.3566
18.4301
18.5611
18.355
18.4001
17.8508
18.366
18.5896
18.44
18.2923
17.905
18.5223
18.2158
18.3082
18.251
18.7088
18.5801
18.4111
18.1219
18.2907
18.2079
18.6663
18.3778
18.3478
18.207
18.7616
18.0947
17.7935
18.5161
18.2945
18.3297
18.1792
18.4374
18.4038
18.4755
18.4315
18.2599
18.257
18.7207
18.0958
18.1939
18.4684
18.0312
18.0551
18.4805
18.6458
18.3418
18.8287
18.0091
18.5728
18.0522
18.7071
18.24
18.1137
18.3433
18.6021
18.2317
18.2035
18.3529
18.3176
18.366
18.5063
18.2067
18.4402
18.5491
18.0651
18.4328
18.1227
17.7438
17.8817
17.9992
18.2193
18.1892
18.0393
18.0782
17.86
18.0739
18.2093
17.9701
18.5193
17.9488
18.3123
18.5866
18.102
18.3294
18.2464
17.971
18.2152
18.3964
18.1779
18.6147
18.0554
17.9124
17.7469
18.3254
18.0339
18.1882
18.0991
18.3988
18.6002
18.0054
18.2436
18.2528
18.2591
17.945
18.1152
18.3716
17.8694
18.4731
17.7395
18.0177
18.2535
18.2064
18.479
17.8541
18.2415
18.4987
18.2524
18.1775
18.6812
17.9416
18.0917
17.9181
18.1315
18.3907
18.145
18.1901
18.1575
18.6923
18.2183
18.3108
18.1234
18.5097
17.767
18.3356
18.1357
18.1855
18.153
18.2121
18.2481
18.3356
17.9996
18.4189
17.847
18.2722
17.4581
17.8254
17.7002
17.8829
18.54
18.127
18.1766
18.2611
18.3775
17.8994
18.2253
17.9738
18.4097
17.6914
17.9286
18.02
18.1894
18.1842
18.4798
18.487
18.1958
18.0139
17.9644
18.2061
18.0153
18.3868
18.0098
18.7385
18.2898
18.1866
17.7353
18.0394
18.057
18.1257
18.2145
18.2328
18.2984
18.341
18.0659
18.3677
18.4089
18.355
17.876
17.7999
18.0825
18.4263
18.2165
18.306
18.0462
18.7033
18.3434
17.7622
18.0869
18.438
17.6738
18.1037
18.1809
17.8438
18.4851
18.1653
18.1962
18.3913
18.3243
17.9652
17.8161
18.3379
18.3616
18.1403
18.1848
18.3829
17.586
17.8731
18.2648
18.468
18.3393
18.0647
17.9971
18.3949
18.0553
18.1305
18.3368
18.0499
18.3753
17.9148
18.3763
18.331
17.7435
17.8142
17.9609
18.4142
18.5453
18.1735
18.3828
17.5227
18.0899
18.1448
18.0372
18.6316
17.9943
18.3335
18.3076
18.1644
18.4089
18.216
18.2249
18.3913
18.1872
18.3877
18.2381
18.1611
17.937
18.0346
18.2041
18.07
18.2428
18.0331
18.3463
18.4616
18.0602
17.8266
18.0492
18.343
18.0556
17.9839
17.9063
18.2197
18.3488
18.0046
18.3917
18.0078
18.1781
18.5842
18.1108
18.1288
18.3273
18.1507
18.0644
18.3904
18.1235
18.6998
17.9333
18.1263
18.1006
17.9956
18.1944
18.2013
18.6461
18.3898
18.4049
18.3653
18.3888
17.842
17.9645
18.1086
17.6687
18.0669
18.1895
18.3267
18.562
18.1587
18.3086
18.3868
18.1743
18.2549
18.4345
18.4192
18.2922
17.9123
19.1153
18.1354
18.1386
17.9936
18.2922
18.0531
18.6791
17.9543
17.9038
18.6431
18.3119
18.3225
18.0808
18.5702
18.1707
18.2708
18.2036
18.6133
18.6647
18.259
18.4495
18.0651
18.2206
18.2105
18.4114
18.2577
18.3102
18.3591
18.7385
18.3415
18.305
18.2534
18.5631
18.3883
18.4896
18.276
18.5424
18.3672
18.6443
18.476
18.1925
18.3375
18.4612
18.3955
18.0517
17.9827
18.541
18.4545
18.367
18.9363
18.6572
18.5658
18.375
18.2478
18.5547
17.9773
18.3891
18.2816
18.7903
18.2206
18.0913
18.4369
18.9305
17.9756
18.2386
18.1968
18.0262
18.3498
18.3596
18.3288
18.6689
18.0636
18.2766
18.3007
18.16
18.2866
18.582
18.1285
18.2343
18.3312
18.1374
18.1324
18.2143
18.1674
17.9328
18.2974
18.1189
18.2125
18.2958
18.0881
18.0198
18.4546
18.1974
18.1839
18.516
17.9833
17.9656
18.0512
17.9155
18.723
17.9937
18.5191
18.2897
18.2846
18.3228
17.9994
18.0004
17.9487
17.9587
17.8824
18.4093
18.2602
18.2786
18.3452
18.0207
18.4493
18.1287
17.9159
18.4016
18.2258
17.9195
18.0956
17.957
18.0965
18.4642
18.1602
18.189
17.6483
18.0723
18.4028
17.8792
18.0747
17.9878
18.2138
18.2334
18.2799
18.2923
18.4196
18.2931
18.413
18.1329
18.5792
18.2922
18.0291
18.2034
17.8417
18.2102
18.6583
17.9466
17.9353
18.3223
18.4894
18.1064
18.85
18.4575
18.2605
18.4337
18.4553
18.2425
18.6657
18.58
18.2994
18.3769
18.5911
18.4791
18.3282
18.2654
18.486
18.6468
18.5578
18.6184
18.549
18.354
18.2552
18.4273
18.4969
18.1967
18.5685
18.3739
18.3489
18.461
18.6353
18.0131
18.3546
18.4543
18.4212
18.0906
18.3258
18.5841
18.6629
18.797
18.3882
18.2179
18.5848
18.5601
18.7094
18.3375
18.3452
18.3394
18.4813
18.6359
18.2746
18.3195
18.4149
18.7574
18.5376
18.4416
18.4274
18.6278
18.3781
18.2677
18.4521
18.3431
18.4318
18.6161
18.7103
18.0116
18.4265
18.2864
18.9497
18.0669
18.4459
18.2142
18.068
18.8198
19.005
18.474
18.7172
18.0956
17.9805
19.0616
18.0668
17.7052
18.2523
18.188
18.1078
18.3218
18.3495
18.0401
18.0536
18.0249
17.9966
18.0141
18.6335
17.8478
18.4536
18.3448
18.0825
18.2305
18.304
17.9107
18.0294
18.4477
18.2432
18.108
18.1903
17.9819
18.0688
17.8673
17.9783
18.36
17.7825
18.3291
18.3519
17.9741
17.5811
18.3558
18.3826
17.9444
18.0376
17.9557
17.7442
18.3583
17.9527
18.3271
18.0386
17.9274
18.1082
18.0544
18.1073
18.1274
18.1229
18.0572
18.4443
18.0696
18.4541
18.0184
18.3123
18.0603
18.0141
18.2138
18.1817
18.2953
18.2194
18.1743
18.172
18.1527
18.1394
18.0153
18.156
18.2494
17.9079
18.4442
18.0557
18.1866
17.6692
18.2013
18.0349
18.2516
18.0126
18.6238
18.3502
18.352
18.495
18.3077
18.2028
18.6651
17.9866
18.182
18.317
18.3072
18.4468
18.6998
18.2716
18.3783
18.088
18.1387
18.0774
18.6155
18.2525
18.55
18.3912
18.1468
18.2115
18.4182
18.554
18.3269
17.4034
18.5708
18.3317
18.4571
18.3416
18.709
18.6611
18.542
18.2369
18.3728
18.4966
18.3339
18.0156
18.2266
17.8675
18.1902
18.2313
18.1878
18.3752
18.2478
18.3098
18.1958
18.5362
18.2507
18.2375
18.3108
18.3932
18.5271
18.2267
18.3767
18.3251
18.3184
18.0471
18.8118
17.7747
18.517
18.0137
17.9121
18.3019
18.141
18.4206
18.3908
18.0118
18.2414
18.173
17.9408
17.8015
18.2998
18.2947
18.1455
18.0361
18.0257
17.9924
18.095
18.4029
17.6213
18.2517
18.1047
18.0768
18.2701
18.0199
17.9575
18.3409
17.9444
17.8648
18.2136
18.3574
18.2531
18.2102
18.0575
18.3884
18.1494
18.4122
17.9457
17.6042
17.948
17.8361
18.2153
18.1433
18.2769
17.8464
18.2992
18.1367
17.9922
17.9506
17.9517
18.2774
17.747
18.1624
17.8526
17.8064
17.8906
17.9334
18.1381
18.1142
18.0386
18.1656
18.1317
18.1261
18.1095
17.6619
18.2299
18.0547
17.8836
18.1626
18.1429
18.5512
18.0437
18.0435
17.8815
18.4919
17.83
18.3777
18.0687
17.9584
17.7571
18.0085
18.3823
18.215
18.8806
18.2888
18.4761
18.5524
18.5251
18.508
18.6488
18.4851
18.309
18.2113
18.0351
18.158
18.3063
18.3662
18.5049
18.2841
18.4674
18.4494
18.4112
18.5972
18.3701
18.2601
18.2585
18.4554
18.5736
18.3094
18.8771
18.5837
18.4082
18.6909
18.61
18.7647
18.1739
18.1059
18.4459
18.4647
18.3019
18.5036
18.4217
18.1532
18.271
18.455
18.4035
18.247
18.3671
18.5086
18.4161
18.0463
18.5057
18.4484
18.3886
18.5213
18.3224
18.4002
18.7907
18.5151
18.4915
18.6315
18.341
18.3988
18.1832
18.5449
18.3081
18.8135
18.3457
18.8784
17.9899
18.7836
18.4869
18.3877
18.5294
18.407
18.4994
18.6923
17.8589
18.3774
18.8973
18.4065
18.5621
18.373
18.0367
18.3303
18.7605
18.1501
18.0993
18.5431
18.3015
18.4337
18.5642
18.0529
18.3638
18.3596
18.1872
18.4667
18.2328
18.3582
18.1088
18.2305
18.3944
18.0705
18.7248
18.3873
18.2449
17.859
18.5652
18.3311
18.3198
18.0359
18.0775
18.1278
18.417
18.2114
18.034
17.9803
18.5529
18.6323
18.1166
18.1674
18.1423
18.2436
18.1027
18.7664
18.4332
18.4811
18.6387
18.135
18.3909
18.235
18.4278
18.1111
18.4177
17.8591
18.1734
18.0276
18.1248
18.1277
18.4198
18.1625
18.2677
18.4125
18.5614
17.9943
18.2508
18.3402
18.3754
18.1852
17.82
18.1974
18.4933
18.1351
18.0806
18.3123
18.0304
17.711
18.2716
17.9908
18.1216
18.0565
18.1739
18.0851
18.184
17.589
17.8871
18.0899
17.4199
18.5515
18.1002
17.9249
17.9603
18.0482
18.1492
18.0655
17.9888
17.6383
17.5623
17.7795
17.8926
18.074
17.9555
17.6277
17.9957
18.2722
18.0627
17.7813
18.0978
17.9768
18.1991
17.9018
18.0233
17.605
17.7095
17.5839
17.8776
17.778
17.9002
18.1187
17.9586
18.1419
17.8983
17.7785
18.5098
17.7189
18.1061
18.2733
17.9863
18.3332
18.2945
17.7978
18.0079
17.9556
18.3232
17.5974
17.9326
17.876
18.1598
17.9505
18.3611
17.8183
18.3668
18.6022
18.3215
18.4201
18.4027
18.1816
18.3255
18.5191
18
18.2658
18.5564
17.959
18.0331
18.0557
18.451
18.6548
18.4862
18.2174
18.3284
18.1114
18.5346
18.377
18.2759
18.0128
18.1957
18.4177
18.1561
18.05
17.9183
18.104
18.1484
18.192
18.1203
17.921
18.1021
18.3346
18.449
18.2444
18.3063
17.9357
18.1162
18.2432
18.3919
17.877
18.3374
17.8505
18.4761
18.1106
18.4701
18.2417
18.6483
18.3616
17.9032
18.0428
18.2039
18.4431
18.5064
18.1303
17.9789
18.4273
18.0412
18.4216
18.4094
18.6477
18.14
17.7654
18.6044
18.1738
18.3385
18.4145
18.5235
18.74
18.5775
18.5774
18.5507
18.4257
18.2728
18.2121
18.0609
18.4033
18.3806
18.2482
18.6816
18.7838
18.3603
18.5676
18.5232
17.9244
18.3042
18.3416
18.5787
18.7904
18.4881
18.3572
18.2314
18.7051
18.3207
18.2586
18.5228
18.3628
18.4428
18.6088
18.4721
18.5963
18.7206
18.8201
18
18.1425
18.0456
17.8738
18.2629
18.2541
18.6056
18.4374
18.2052
18.7252
18.362
18.6974
18.2946
18.3078
18.2166
18.2144
18.7359
18.6528
18.3877
18.5044
18.5225
18.6248
18.292
18.7192
18.5282
18.3871
17.9607
18.6266
18.305
18.6041
18.2497
18.8072
18.6201
18.5031
18.2419
18.3129
18.0831
18.5173
18.0494
18.287
18.2467
18.2231
17.8811
18.4002
18.0452
18.8656
18.0765
18.0956
18.4715
18.167
18.1855
18.5824
18.3465
18.1033
18.5084
18.495
18.5979
18.5284
18.4871
17.8788
18.1979
18.3111
18.2187
19.0473
18.3144
18.3658
18.627
18.3785
18.4627
18.1055
17.9682
18.2209
18.4194
18.2896
18.7594
18.0151
18.5939
18.2306
18.1647
18.4318
18.1995
18.712
18.3344
18.6496
18.4429
18.3402
18.3368
17.9547
18.1652
17.9287
18.0546
18.1453
18.2966
18.2817
18.2372
17.9982
18.2098
17.9899
18.2588
18.2188
17.9715
18.3657
18.4356
18.2104
18.4334
18.4263
17.9657
18.5281
18.0642
18.3055
18.5466
19.0076
18.1171
18.7188
18.2609
18.1139
18.5533
18.3277
18.262
18.5911
18.393
18.5015
18.4572
18.4439
18.595
18.0514
18.4955
18.1352
18.4851
17.887
18.2026
18.4556
18.3867
18.3263
18.3013
18.0948
18.553
18.4959
17.6755
18.1153
18.2606
18.6911
18.3572
18.249
18.3837
18.2515
18.2679
18.1581
18.4078
18.3007
18.0101
18.4832
18.1214
18.4872
18.3342
18.5724
18.4556
18.2399
18.4453
18.3638
18.4972
18.4176
18.2143
18.6938
18.1669
17.5396
18.198
18.3226
18.4245
18.2703
18.4018
18.3292
18.5922
18.3564
18.3191
18.5068
18.5922
18.271
18.3535
18.2968
18.6054
18.5497
18.5206
18.7057
18.4669
17.9506
18.5775
18.4336
18.4476
18.6748
18.7408
18.3877
18.1871
18.3252
18.3297
18.1785
18.027
18.0959
18.4373
18.247
18.4699
18.5295
18.0313
18.6398
18.2629
18.2475
18.5296
18.3902
18.4502
18.4534
18.3156
18.3664
18.1105
18.0355
18.7556
18.6584
18.3054
18.6811
18.346
18.1606
18.013
18.1569
18.3322
18.1711
18.0635
18.6308
18.1735
18.7278
18.7244
18.7545
18.3985
18.5547
18.0562
18.6942
18.4326
18.5321
18.0646
18.4096
18.0381
18.5169
18.3356
17.8652
18.0003
17.7258
18.1588
18.0718
18.3555
18.2842
17.8295
17.9313
18.1577
18.0728
18.4559
18.5178
18.1048
18.5733
18.094
17.9897
18.0647
18.467
18.3671
18.0528
18.0512
17.9029
18.1806
18.1459
18.34
18.4687
18.1329
18.4377
18.1014
18.0692
18.1828
18.2935
18.1678
18.2155
17.8571
18.2087
18.0656
18.1036
18.226
18.3382
18.2249
18.053
18.1315
18.2182
18.0022
18.3495
18.148
18.1622
18.2872
18.0155
17.987
18.4862
18.1768
18.3649
18.1516
17.9817
17.8465
18.0485
18.4742
18.087
18.18
18.3333
17.91
18.0022
18.252
17.66
18.3688
18.5287
18.0873
18.8003
18.2698
18.144
17.9569
17.7116
17.8532
18.3077
17.966
18.0219
18.3625
18.0409
18.4441
17.6454
18.3162
17.85
18.2484
18.1238
18.2819
18.2074
18.0699
17.8745
18.2411
17.865
18.2551
18.0345
18.0666
18.1775
18.6188
17.8394
17.9421
17.877
17.92
18.0981
17.8556
17.8858
18.3479
18.0286
18.0133
18.3426
18.3522
18.579
18.1003
18.0819
18.3125
18.0034
18.5651
18.1436
18.2164
18.3383
18.0585
17.6975
18.4407
18.3459
17.836
18.0447
17.6834
18.1639
18.3362
17.9141
18.9507
18.1859
18.2829
18.4796
18.0775
18.6208
18.6698
18.433
18.5118
18.3531
17.9576
18.2461
18.6495
18.2128
18.1579
18.5123
18.2768
18.3086
18.4981
18.2188
18.5406
18.539
18.708
18.2831
18.3461
18.3934
18.6789
18.3183
18.4607
18.1247
18.3061
18.2763
18.4685
18.6375
18.5927
18.0589
18.1574
18.3599
18.2423
17.9938
18.1599
18.3944
18.3563
18.5015
18.3145
18.4676
18.4472
18.3346
18.2611
18.4686
18.3714
18.2686
18.7138
18.1041
18.1747
18.3399
18.6836
17.8141
18.3016
18.2188
18.1128
18.3293
18.2772
18.3108
17.8078
18.385
18.0429
17.9513
18.1811
18.146
18.2225
17.7584
18.0949
17.9411
18.0619
18.0102
18.0986
18.2708
18.1053
17.9882
17.9152
18.2924
17.7109
17.7935
17.8596
17.7447
18.1321
18.4139
17.7311
18.4184
18.1185
18.2884
17.9985
18.0912
17.775
18.4405
17.7759
17.9555
18.0638
17.6736
17.8812
17.7733
17.9962
18.4524
17.9617
18.2655
18.2815
18.5238
17.6961
17.9197
18.3479
18.1596
18.0021
18.2376
17.9215
17.9526
17.8965
18.4215
17.9087
18.0488
17.937
18.055
18.0816
18.1808
18.4094
17.9064
18.0887
18.6868
18.1461
18.28
17.9673
18.1469
18.2043
18.1928
18.311
18.2929
17.9851
18.456
18.251
18.1932
18.2237
18.2102
18.2903
18.3297
18.2125
17.9909
18.1617
17.8605
18.704
17.9331
17.8097
18.0923
18.1628
18.247
17.68
18.2081
18.1555
18.3508
17.87
18.0793
18.2942
18.2514
17.923
17.8501
17.8076
18.1064
18.502
18.4531
18.5894
17.8488
18.1631
18.3443
18.3592
18.2314
18.0593
17.991
17.8734
18.0994
18.3372
18.1709
18.0332
18.4703
18.0204
18.0627
17.9648
18.07
18.2436
18.4348
17.7661
18.3727
18.3152
18.1126
18.393
18.7138
18.2264
18.6497
18.4287
18.56
18.4901
17.8084
18.7525
18.4651
18.4467
18.4075
18.6558
18.5516
18.2943
18.1263
18.2436
18.4029
18.1337
18.6316
18.2871
18.5845
18.5212
18.442
18.1004
18.534
18.5851
18.454
18.4556
18.0674
18.1954
18.4019
18.3141
18.1722
18.556
18.413
18.3399
18.3614
18.5713
18.2199
18.3574
18.391
18.8601
17.7684
18.3497
18.5837
18.4079
18.2155
18.6759
18.463
18.2926
18.2262
18.6083
18.6724
18.3846
18.1481
19.0495
18.639
18.6355
18.6322
18.3425
18.2003
17.9813
18.9684
17.8077
17.781
18.345
18.2683
18.003
18.4061
18.2841
18.0012
18.552
18.0954
18.0927
17.8352
18.3363
18.4589
17.9899
18.7114
18.3018
18.2461
18.1002
18.3243
18.188
18.158
17.9341
18.3495
18.2865
18.2654
18.1183
18.4719
18.0121
18.2367
18.3297
18.3684
18.3451
18.369
18.0772
18.1953
18.1753
18.3469
18.1243
17.882
18.2032
18.4764
18.3568
18.2099
18.7323
18.3975
18.2925
18.3853
17.8763
18.2125
17.878
17.9925
18.3851
17.9056
18.6105
18.7374
18.3809
18.8386
18.4976
18.4193
18.5263
18.3988
18.1477
18.573
17.9863
18.4239
18.447
18.2869
18.2804
17.8076
18.0846
18.3726
19.0598
18.1486
18.6249
18.5623
18.4422
18.5562
18.7062
18.1664
18.2934
18.5623
18.3234
17.9842
17.8372
18.3288
18.5397
18.4303
18.4402
18.5013
18.3899
18.6434
18.4601
18.9396
18.3929
18.2471
18.6156
18.5996
18.1662
18.2668
18.8547
18.486
18.3472
18.5822
18.5413
18.4794
18.1163
18.5445
18.2912
18.1417
18.6659
18.5924
18.2197
18.6759
18.6236
18.4107
18.3934
18.2763
18.8357
18.0497
18.4861
18.7545
18.3885
18.6047
18.2615
18.8298
17.9956
18.2554
17.9749
18.3035
18.4704
18.0727
18.1543
18.5394
18.4271
18.8964
18.3771
18.0846
18.7413
18.8762
18.6258
18.368
18.2817
18.4254
18.6999
17.9964
18.4234
18.0598
18.8044
18.1137
18.5293
18.2049
17.8325
18.2922
18.3098
18.5078
18.3984
18.6171
18.2715
18.48
18.171
18.3082
18.1396
18.3754
17.8947
17.9762
18.5578
18.5069
18.4143
18.8889
18.4867
18.7312
18.1513
18.4998
18.2988
18.3716
18.4016
17.9434
18.8418
18.3073
18.6054
18.1181
18.2491
18.481
17.9803
17.6538
18.2371
17.9076
18.0487
18.5607
18.2107
18.5491
18.3399
18.4656
18.2776
17.9513
18.3585
18.1471
18.241
18.4007
18.1589
17.8448
18.3017
18.0748
18.4048
18.0551
17.9523
18.1579
17.8701
18.2024
18.2643
17.8155
18.2302
17.8123
17.9786
17.6946
18.1511
18.2004
18.2959
18.0202
18.5847
18.0516
17.9215
18.2322
18.2947
18.0401
18.2125
18.4136
18.3123
18.2276
17.9169
18.5017
18.0177
18.1637
18.3643
18.2383
18.7061
18.0516
18.3904
18.0786
18.7546
18.1886
18.2099
18.2993
18.1049
18.0841
18.5213
18.3847
18.6304
18.3233
17.9336
18.5028
18.6604
18.1674
18.4207
18.016
18.4714
18.0671
18.1521
17.8109
18.4305
18.3743
18.1253
18.3165
18.505
18.1831
18.1554
18.3695
18.6312
17.9447
18.0595
18.4274
18.4924
18.3312
18.2838
18.2465
18.5284
18.4047
18.4031
18.0391
18.3905
18.2922
18.504
18.1907
18.4331
18.118
18.4863
18.5353
18.2441
18.2763
18.2546
18.0814
18.1327
18.2226
18.4802
18.2922
18.2522
17.9042
18.0421
18.3545
18.353
18.4261
18.004
18.6636
18.0591
18.4105
18.4344
18.2639
17.8798
18.2784
18.1074
18.4422
18.2671
18.2871
18.5246
18.253
18.4867
18.0996
18.4892
18.3223
18.4419
18.2578
18.6777
18.4966
17.8883
18.4311
18.4757
18.6406
18.0995
18.5539
18.1503
18.6745
18.2166
18.2056
18.1218
18.5369
17.9949
18.5349
18.1336
18.4864
17.9525
18.2148
17.9847
18.5129
18.3184
18.4682
18.2073
18.0342
17.9909
18.2897
17.8389
17.9522
17.994
17.8743
18.0511
17.8664
18.1184
17.718
17.6889
18.0608
18.1979
18.2938
17.9307
18.3528
18.2224
18.155
18.1007
17.8819
17.6717
18.107
18.1151
17.8867
18.0808
17.9735
17.9562
18.261
18.2141
17.8645
18.2756
18.2453
18.2808
18.4435
18.449
18.2976
18.2255
18.0296
17.8585
17.8659
18.0534
18.0801
17.9181
17.8775
18.2061
17.8462
18.6229
18.2709
18.7829
18.6686
18.5913
18.2291
18.4639
18.249
18.2358
18.055
18.2637
18.514
18.1132
18.5569
18.778
18.2296
18.6874
18.2087
18.5417
18.2084
18.2335
18.3295
18.3638
18.0194
18.0514
18.486
18.2413
18.479
18.2712
18.077
18.2747
18.5956
18.75
18.1912
18.3567
18.5571
18.2812
18.4404
18.4939
17.8668
18.6222
18.5192
18.1843
18.2811
18.5042
18.0904
18.5597
18.0914
18.1961
17.9037
18.3668
17.8143
18.2904
18.3464
18.3472
18.0896
18.322
18.5523
18.4078
18.4816
18.3356
17.9571
18.3629
18.1848
18.5552
18.2327
18.6728
18.4716
18.5147
18.7239
18.4557
18.3767
18.4701
18.344
18.3006
18.1259
18.3866
18.6035
18.769
18.2555
18.3728
18.4058
18.6555
18.3761
18.3368
18.5753
18.5173
18.1621
18.476
18.5471
18.2902
18.4152
18.4644
18.6006
18.311
18.1882
18.5332
18.0953
18.4341
18.2428
18.4037
18.6814
18.5947
18.166
18.7406
18.4182
18.6192
18.0686
18.107
17.9666
18.4172
18.175
18.1679
18.1478
18.0874
18.0947
18.0673
18.4988
18.0578
18.6024
18.1892
18.0924
18.0415
18.121
18.005
18.3606
17.851
17.9438
18.2024
18.1436
18.0776
18.3621
18.5051
17.9623
18.2228
17.9645
18.1819
18.4801
18.0452
18.3753
17.9692
18.1815
18.357
17.9131
18.0172
18.5598
18.1952
18.5099
17.9408
18.1815
18.4554
17.766
18.2178
17.9825
18.1426
18.5231
18.5875
18.6388
18.5049
18.2213
18.6324
18.7965
18.4427
18.366
18.6199
18.5144
18.2268
18.7398
18.4916
18.6057
18.3415
18.5804
18.2505
18.6892
17.9159
18.7625
18.7703
18.3429
18.519
18.0563
18.4392
18.6567
18.7338
18.7557
18.2926
18.3739
18.5201
18.5158
18.5949
18.8085
18.1643
18.4089
18.3269
18.8355
18.913
18.503
18.8753
18.7223
18.4654
18.385
18.4897
18.5958
18.7156
18.6041
18.3321
18.7983
18.3629
18.219
18.4672
18.1283
17.9409
17.8539
17.8134
18.5355
18.1175
18.1759
18.169
18.0662
18.1474
18.2923
17.8402
18.4255
18.4331
18.1237
18.055
18.1558
18.2506
17.9194
17.8743
18.3451
18.3043
18.273
18.1508
18.6532
18.0689
18.3843
18.2892
18.0795
18.4831
17.647
18.4344
18.3168
18.5891
18.1617
17.8584
18.2702
18.3142
18.1398
18.0995
18.2491
18.3245
18.3981
18.2967
18.5627
18.4703
18.2158
18.0647
18.1742
18.297
18.8373
18.1049
18.2727
18.113
18.385
18.571
18.5157
18.0015
17.9154
18.2155
18.3086
18.357
17.9686
18.357
18.1108
18.1307
18.262
18.1396
18.1424
18.7692
18.3236
18.3616
18.2877
18.1635
18.6128
18.0385
18.3418
18.3957
18.3442
18.1817
18.3567
18.6803
18.3366
18.2896
18.5526
18.6134
17.9265
18.2385
18.1605
18.8137
18.3937
18.2276
18.7614
18.4646
18.3946
18.0062
18.1045
17.9868
18.3421
18.6657
18.1424
18.0898
18.059
17.8972
18.5075
18.0589
18.3729
18.3982
18.019
18.3705
18.0305
18.3213
18.514
18.1933
18.2671
18.5077
18.1125
18.2814
17.7924
18.3606
18.1254
18.101
17.9592
18.0757
18.0863
18.1711
18.1363
18.5862
18.289
18.0498
18.2962
18.2473
18.3259
18.1771
17.9457
18.3111
17.9093
18.2706
17.9159
18.3646
18.5532
18.1513
18.3635
17.98
18.1788
18.3077
18.2104
18.1636
18.7292
17.9695
18.4908
18.3459
18.5626
18.2983
18.5121
18.5146
18.4708
18.0096
18.089
18.4479
18.2613
18.3336
18.3085
18.381
18.2651
18.0506
18.5616
18.5628
18.0664
18.3009
18.3933
18.1245
18.0615
18.281
18.6135
18.4559
18.4834
18.4907
19.029
18.1235
18.2308
18.2024
18.4365
18.8124
18.5148
18.1361
18.3756
18.2319
18.0352
17.9227
18.2956
18.091
17.9952
18.2512
18.0854
17.9703
18.2367
17.8295
18.2782
18.4301
17.9658
18.4263
18.0633
17.8892
17.7998
18.0083
18.2215
18.0949
18.5627
18.4658
18.3386
18.5246
18.1924
18.1084
18.5527
18.2345
18.2497
18.1405
18.4908
18.5045
18.0747
18.2101
18.402
17.9199
17.7525
18.1359
17.9694
18.3468
18.2689
18.4529
18.1731
18.4554
17.7915
17.9976
18.2638
17.814
18.0674
18.1077
18.0435
18.2811
18.0769
17.9265
18.0971
18.1923
18.4854
18.2636
17.8497
17.9835
17.7982
18.0028
18.287
18.2265
18.1883
17.8302
18.4459
18.2545
18.2042
18.0011
17.9596
18.3024
17.8361
18.3516
18.2996
18.3429
18.2817
18.0436
17.9846
18.3838
17.8381
17.9108
18.4647
18.1151
18.0173
18.4439
18.2328
18.2202
18.0487
18.1491
17.8845
18.2195
18.1775
17.8893
18.0839
18.2488
17.7439
17.9317
18.2544
17.9036
18.0308
17.9497
18.1418
17.9215
17.6008
18.1493
18.2457
17.7288
17.7528
18.2454
18.5802
18.0134
18.4441
17.9756
18.4763
17.5781
18.1113
17.9954
17.6365
18.0258
18.3324
17.9577
18.2954
17.9718
18.2311
18.3223
18.0479
17.9701
18.3289
18.1044
18.1801
18.0751
18.1829
18.1217
17.9974
18.0443
18.3924
18.0452
18.2231
18.092
18.4449
17.9419
18.3886
18.1784
18.1885
17.6506
17.9817
18.273
18.1829
18.2016
18.1352
18.6081
18.3241
18.1956
18.1144
18.436
18.5252
18.3384
18.2858
18.3297
18.3177
18.4381
18.2732
18.0233
18.758
18.1302
17.7644
18.2557
18.4653
18.3332
18.3109
17.8894
18.6046
18.4155
18.1181
18.1815
18.2262
18.5077
17.9171
18.1821
18.1591
18.4745
18.2601
18.418
18.2408
18.5324
17.9017
18.0045
18.1942
18.3372
18.6438
18.5455
18.6052
18.1186
18.0684
18.489
18.1609
18.5625
17.9526
18.4136
18.5709
18.3203
18.209
18.6107
18.4595
18.695
18.162
18.3509
18.5514
18.6797
18.3701
18.7677
18.1823
18.4298
17.992
18.2627
18.1565
18.3773
18.4225
17.8232
18.2752
18.5097
18.2556
18.3536
18.1079
18.1216
18.4817
17.963
18.2961
18.1861
18.1628
18.3101
17.802
18.4052
17.7337
18.2876
18.0812
18.2186
17.8247
17.9873
18.3188
18.6092
18.1293
18.3786
18.4771
18.4223
18.0383
17.6708
18.4502
18.1571
17.9169
18.0768
18.1619
18.102
18.1753
18.0131
18.3834
17.9822
18.2768
18.0038
18.4201
18.462
18.257
18.0709
18.2127
18.1814
18.2196
18.0183
18.1828
18.4606
18.103
18.1867
18.1567
18.3007
18.4593
17.9915
18.0499
17.9706
18.1654
18.3497
18.5695
18.4452
18.1065
18.0773
18.571
18.1403
18.0157
18.0272
18.2178
17.9803
18.6762
18.1667
18.2512
18.5549
18.6074
18.3611
18.1326
18.4571
18.4669
18.235
18.0908
17.8983
17.8389
18.4395
18.4393
18.5269
18.0465
18.5931
18.496
18.8133
18.4781
18.4455
18.4313
18.4736
18.3587
18.3116
18.2898
18.3422
18.5658
18.1949
18.6762
18.4486
18.8362
18.1196
18.4962
18.4924
18.4012
18.1979
18.6008
18.2156
18.4421
18.3607
18.6277
17.8909
18.123
18.2083
18.3379
18.3611
18.1685
18.0561
17.9511
18.5449
18.3052
18.2432
18.2659
18.332
18.2814
18.4099
18.3496
17.9142
18.3414
18.5051
17.4768
18.3444
18.8734
18.3223
18.3663
18.3189
18.6468
18.549
17.6688
18.2546
18.3452
18.1216
18.5996
18.5103
18.1092
18.3481
18.6588
18.4096
18.4887
18.6406
18.1695
18.4631
18.2441
18.2854
18.5757
18.135
18.3825
18.455
18.4157
18.5101
18.6798
18.6123
18.3195
17.9527
18.6255
18.1588
18.5224
18.5531
18.2484
18.4175
18.8542
18.4481
18.4232
18.4553
18.4795
18.1803
18.2295
18.2874
18.639
18.5503
18.6197
18.4301
18.0509
18.2995
18.1988
17.7559
17.9036
18.2057
18.2688
17.9745
18.1566
18.2806
18.0542
18.0734
18.3161
18.4955
18.0722
18.3499
18.2744
18.4618
18.0425
18.4557
18.2118
18.0767
18.7413
17.965
18.4654
17.9118
18.2971
17.9877
18.5795
18.0781
18.5081
18.5703
18.1969
18.3824
18.5684
18.2886
18.283
17.9666
18.3365
17.6999
18.1119
18.5007
18.146
18.2276
18.3277
17.9837
17.9811
17.9804
18.2041
18.2893
18.0855
18.4027
18.2965
17.8103
17.9521
18.0986
18.1252
18.0287
18.0543
17.9949
18.1998
17.9356
18.0474
18.3314
18.1633
18.0762
18.2721
18.0343
18.431
18.438
18.2458
18.1284
17.896
18.0733
18.279
17.9906
18.3722
18.372
18.3223
18.6385
18.0441
18.3143
18.0642
18.2174
18.1185
18.4334
17.8708
18.3313
18.3727
18.3102
18.1497
18.4303
18.0422
18.4749
17.9774
18.0049
18.1749
18.4065
17.8955
18.1214
17.9942
18.3413
18.2112
18.523
18.652
18.1641
18.3667
18.4381
18.2616
18.2598
18.5957
18.4721
18.2185
18.3873
18.5325
18.6048
18.4573
18.5078
18.1132
18.579
18.6945
18.5828
18.311
18.4592
18.5321
18.9143
18.3334
18.4036
18.6184
18.4909
18.6869
18.3635
18.6507
18.3177
18.2279
18.1516
17.7682
18.1425
18.1692
17.7842
18.5179
18.1283
18.1198
18.3155
17.9149
18.159
17.8633
18.2376
18.4039
17.79
17.987
18.5126
18.65
18.4645
18.3372
17.9828
18.3011
18.2311
18.2252
18.5829
18.066
18.2029
18.4298
18.0933
18.7571
18.5614
18.4072
18.7266
18.387
18.3923
18.6079
18.4094
18.1722
18.4222
17.863
18.2899
18.4232
18.1098
18.097
18.1365
18.3979
18.1831
18.2083
18.0338
18.2513
18.0291
18.3923
18.0735
17.9741
18.4021
18.1558
18.56
18.3814
18.1387
18.3989
17.5905
18.2844
18.3523
17.7739
17.9292
18.2432
18.2149
18.1476
18.0244
18.1135
17.7077
17.8122
17.8862
17.6826
18.1694
18.3159
18.3795
18.3003
18.1848
18.3284
18.4055
17.6417
18.3254
17.9397
18.1464
17.9299
18.3368
18.0874
18.1528
18.3642
18.0715
17.7521
18.0251
18.2055
18.228
18.4154
18.4179
18.1252
18.2569
18.5507
18.3745
18.1576
18.3302
18.3963
18.5869
17.9732
18.3665
17.996
18.4105
18.1028
18.176
18.4223
18.3267
18.1234
18.4164
17.8876
18.2806
18.2945
18.4071
18.4516
17.9108
17.9439
18.3256
18.1097
18.3966
18.357
18.6037
18.3983
18.4351
18.7238
18.2547
18.5664
18.2169
18.1869
18.1588
18.539
17.9746
18.0378
18.5497
18.5047
18.1474
18.0679
18.4989
18.4162
18.0712
18.0317
18.062
18.5679
18.1303
18.1512
17.7442
18.0316
18.1386
18.2267
17.6224
17.9125
17.8237
18.4335
18.2184
18.3474
18.3676
18.4815
17.7016
18.1179
18.7929
18.253
18.2511
18.4187
17.9867
18.0014
18.1884
18.3307
18.1414
18.4421
18.1257
18.5048
18.0252
18.1757
18.3455
17.8101
18.2013
18.2927
18.4301
18.1364
18.0519
18.2656
18.6928
18.1659
17.7307
18.3107
18.1292
18.1884
18.2449
18.1903
18.5649
18.4319
18.1144
18.4054
18.3448
18.1981
18.0748
18.4534
18.2573
18.246
18.104
18.2342
18.6524
18.4632
18.0196
17.9749
18.7455
18.0831
17.9196
18.5158
18.2607
18.6868
18.543
18.192
18.592
18.1911
18.579
18.5262
18.1222
18.3458
18.0835
18.571
18.0757
18.3817
18.2543
18.5553
18.4704
18.3543
17.874
18.6894
18.0237
18.2125
17.9185
18.9095
18.4075
18.4216
18.1275
18.472
18.4678
18.182
18.095
18.0812
18.2871
18.507
17.8386
18.1095
18.5864
18.1159
18.2402
18.3335
18.5995
18.7213
18.3575
18.1239
18.3924
18.3339
18.1243
18.4182
18.2827
18.4539
17.7967
18.4785
18.4113
18.1626
18.1118
18.4207
18.3402
18.2809
18.5344
18.2811
18.7206
18.4578
18.7139
17.9316
17.9776
18.7515
18.0073
17.9937
18.5456
18.2298
18.4209
18.5128
17.8958
18.2019
18.1477
18.6832
18.2911
18.0476
18.272
18.231
18.235
18.339
18.2676
18.1636
18.2266
18.3082
18.2343
18.5016
18.5086
18.3141
18.3082
18.1716
18.0484
18.6271
18.1209
18.5704
18.353
18.8656
18.308
18.3496
18.1155
18.4039
18.1641
18.3787
18.5355
18.3147
18.3369
18.5381
18.7235
18.3384
18.5236
18.2503
18.2013
18.1008
18.664
18.5406
17.9861
18.0313
18.4593
18.6664
18.109
17.9867
18.236
17.9683
18.1935
18.9304
18.3767
18.5559
18.5265
18.0882
17.8643
18.2592
18.2716
18.3964
18.049
18.2268
18.9723
18.2913
18.2726
18.3852
17.9949
18.2752
18.4179
18.1685
18.4474
17.8433
18.412
18.3509
18.7435
18.3133
18.0219
18.4916
18.6331
18.2525
18.5944
18.8119
18.5329
18.1195
18.3754
18.3489
18.9197
18.0429
18.3769
18.0339
18.2905
18.1891
18.1116
18.3136
17.7875
17.5419
18.3879
17.9887
18.31
18.1301
17.8973
18.4833
18.1781
18.2126
17.8214
18.5259
18.2699
18.5315
17.9218
18.2328
18.281
18.1885
18.1731
18.2046
18.29
18.4889
18.3211
18.4621
18.151
17.9852
18.5789
18.3898
18.2336
18.062
18.1655
18.3304
18.7472
17.9688
18.2744
18.4478
18.5047
18.5746
18.8694
18.5186
18.4548
18.6679
18.1694
18.6479
18.3723
18.1887
18.6711
18.3014
18.4856
18.6423
17.8058
18.4091
18.03
18.1705
18.4313
18.6341
18.3256
18.2471
18.6323
18.7278
17.9403
18.2827
17.8621
18.4082
18.4579
18.3374
18.441
18.6284
18.7754
17.9662
18.032
18.2263
18.2912
18.2301
18.6178
18.1143
18.4032
18.4539
18.7308
18.741
18.7564
18.7306
18.7357
18.6257
18.5729
17.6721
18.2241
18.2468
18.1646
18.4096
18.3152
18.496
18.1293
18.634
18.1051
18.0318
18.1062
18.3207
18.061
18.2542
18.4406
18.2253
18.2013
18.2218
18.2237
18.0837
18.1331
18.5089
17.951
18.3181
18.5381
18.521
18.1215
