2.82954
3.04854
2.77766
2.95596
3.02478
2.79786
3.29677
2.76663
2.95268
3.17192
2.9153
3.08454
2.7554
2.3673
3.08937
2.76647
2.7936
2.89227
2.31358
3.22483
2.86287
3.03122
2.99118
2.87143
2.55711
2.79167
3.01329
3.18514
3.03482
2.60806
3.07966
2.77913
2.44561
2.69944
2.96039
2.91444
2.74286
2.64055
2.92086
2.66466
2.55143
2.70032
3.3623
3.03349
2.56257
3.17772
2.74742
3.05219
2.86311
2.69002
3.23729
2.60164
2.95665
3.05887
3.13843
2.83436
3.01048
3.08171
2.66747
3.0758
2.78742
3.09868
2.75648
3.03753
2.78175
3.13276
3.19802
2.80383
3.01294
2.91366
2.95134
3.12694
3.29722
2.85772
2.59733
2.52512
2.89624
2.64599
3.34741
2.78002
2.42076
2.96549
2.64396
3.64766
2.45358
2.48012
2.76101
3.14467
2.91587
3.17934
2.92887
2.8666
2.99172
2.91855
3.13123
2.66845
2.83446
3.03547
2.60412
2.43891
2.76705
3.10329
3.13365
2.63318
3.02041
2.91386
3.17813
2.99101
3.01219
2.85946
2.95161
2.60771
3.01733
2.87765
2.77073
3.3817
2.66856
2.42668
2.59137
3.32846
2.88589
2.90064
2.35846
2.68205
2.9369
3.05778
2.94095
2.23032
3.19578
2.84855
2.64361
2.87671
2.94519
2.91824
3.23626
3.04093
3.03292
2.51278
2.73471
2.9261
2.60085
2.96307
2.65998
3.1534
2.42612
2.65656
2.69331
3.00568
3.25232
2.63355
2.88197
2.58994
2.89986
2.65759
3.03323
2.58971
2.99206
3.37634
2.93558
2.85877
2.66934
3.08672
2.37304
2.95785
3.04955
2.67092
2.59727
2.64968
2.94174
2.6928
3.45841
2.8955
2.89126
2.69746
2.86788
2.59774
2.78921
2.95337
3.12918
2.7402
2.65871
3.11684
2.87512
3.08293
3.06816
2.9206
2.54349
2.95127
2.9821
2.86567
2.62023
3.14353
3.07248
2.8994
3.06288
2.80604
2.95051
2.73797
2.97525
3.04512
2.41677
2.38987
2.76852
2.45032
2.86296
3.07189
2.95443
2.81061
2.86906
2.85807
2.89152
2.89158
2.77979
2.93249
2.73574
3.08168
2.9422
2.75518
2.42042
2.47423
2.83553
2.98662
2.63853
2.68706
2.60943
2.94494
3.00877
2.55666
2.6837
2.8543
2.86163
2.87055
3.00133
3.20416
3.04824
2.81191
3.24958
2.5297
2.68562
2.96016
2.7098
2.41594
3.17774
3.23029
3.00259
3.13299
2.57526
3.04273
2.92887
3.06077
2.59105
3.0248
2.46109
3.02623
2.85079
2.6134
2.7855
2.66933
2.84905
2.63824
2.85379
2.931
2.91015
2.90629
2.46615
2.76229
3.0925
2.82908
2.94343
2.7765
3.08043
2.67224
2.79054
3.18655
2.73507
2.55319
2.67993
3.22396
3.00816
2.89647
2.87583
2.84073
2.88571
2.59433
2.8902
3.19264
2.67297
2.90687
2.61309
2.71558
2.64156
3.15635
3.18131
2.848
3.12179
3.20041
2.48187
3.05311
2.64437
3.11913
2.93329
2.29622
2.85091
2.83918
2.51322
2.71147
2.5178
2.96836
2.75595
2.8707
2.80133
2.55271
3.07634
3.06523
3.00305
2.88724
3.07308
2.74849
3.16501
2.90647
3.05969
2.95781
3.08678
2.5336
2.77345
2.92959
3.23448
2.80459
2.4667
3.20179
2.81015
2.45129
3.07864
2.61961
2.66591
2.34611
3.32088
3.01103
3.05297
2.75384
2.92033
2.7199
3.25252
2.84251
2.9341
3.26903
2.96421
3.07466
2.80161
3.08926
2.79498
2.82324
2.94541
2.38945
2.95683
2.67704
2.57231
2.79734
3.04612
2.88517
2.74058
3.06172
3.0827
3.39733
2.49716
2.82254
2.84124
2.50426
3.03899
3.08609
2.79395
2.51717
2.50355
2.79926
2.94994
2.48905
2.87959
2.77688
2.73432
2.92187
2.6634
2.96728
2.86121
2.88441
3.05909
2.91068
3.00569
2.80427
2.94388
2.94452
2.82498
2.75326
2.80569
2.91525
2.46162
2.61399
2.91146
2.82269
2.9568
2.65276
3.06703
2.47174
2.50085
2.98845
2.72587
2.84101
3.02524
2.9644
2.91399
2.77585
3.00736
2.47706
2.80937
2.84068
2.98444
3.05397
2.29797
3.14681
2.82289
3.04873
2.70437
2.82141
2.66553
2.68918
3.06513
2.57737
2.62961
2.64294
3.15798
2.85963
2.78302
2.85171
2.74
3.11951
2.8904
2.7459
3.08861
3.20472
3.01487
2.58159
3.02001
2.89189
3.0629
2.91886
2.6466
3.09803
2.89584
2.95118
3.31374
2.99532
2.86923
3.01542
3.03771
2.20793
2.75195
2.45706
3.01366
2.5647
2.55638
2.82278
2.82469
2.66906
3.07462
2.61868
3.0589
2.71005
3.03004
3.00067
3.04174
2.73331
2.92497
3.11998
3.16339
2.98692
2.54372
2.61791
2.74037
2.59046
2.81453
2.91246
1.80416
3.00546
2.87886
2.77048
2.85224
2.71074
3.05045
3.00434
2.8021
2.57353
3.36421
2.49916
2.9751
2.81219
3.21212
3.07441
2.87617
2.62484
2.98906
2.94654
3.06112
2.97069
2.91986
3.04572
2.78553
2.76142
3.17538
3.15544
2.84437
3.09457
2.88651
3.29287
2.73559
2.63894
3.29852
3.27703
3.02945
2.52592
3.05692
2.76528
2.82034
2.75786
3.19583
3.35674
2.71865
2.71749
2.73315
2.82958
2.80711
2.93165
3.13909
3.15607
2.76588
3.50139
3.16246
3.03448
2.784
2.92261
2.71929
3.17294
3.23066
2.65261
2.8047
3.27431
2.9409
2.92952
3.1253
3.09197
2.94373
3.04028
2.80245
2.74241
3.20993
3.1221
2.72585
2.9719
2.8004
2.90408
3.21863
3.0493
2.97285
2.58215
2.76264
3.40937
2.89818
3.05429
3.07541
2.94858
2.69292
3.015
2.8067
3.20266
2.74673
2.73279
2.75327
3.0209
2.74074
3.28139
2.76811
2.40638
2.58815
2.72051
2.75601
2.44717
2.39499
2.67023
2.01476
2.57947
2.67125
2.2874
2.57527
2.5635
2.7419
2.35713
2.4093
2.32448
2.65453
2.81568
2.7586
2.84984
2.95965
2.44105
2.5115
2.79458
2.4691
2.51538
2.69518
2.60092
3.15537
2.80227
2.70989
2.89474
2.72251
2.40107
3.0627
2.62154
2.66443
2.47673
2.45842
2.42989
2.61119
2.83336
2.73923
2.71234
2.94435
2.79345
2.3239
2.97879
2.72151
2.70346
2.57365
2.36207
2.67049
2.34668
2.56856
2.71084
2.65282
1.96875
2.48004
2.27002
2.86277
2.68752
2.42809
2.43918
2.79524
2.76609
2.64763
2.28964
2.43493
2.47801
2.79454
2.5448
2.49943
2.7931
2.27244
2.51729
2.89262
2.55847
2.49019
2.62252
2.61669
2.55745
2.90818
2.7626
2.5542
2.53118
2.11457
2.34844
2.54655
2.74852
2.57138
2.42075
2.74996
2.89234
2.91304
2.97249
3.25502
3.16942
2.61236
2.89224
2.77798
2.86154
2.89332
3.04592
2.84097
3.39433
2.6606
3.20612
2.80314
2.83387
2.78808
2.79511
3.1104
2.60629
2.85099
2.82293
2.72637
2.58994
2.79193
2.61339
3.06697
3.24165
2.93128
2.90373
3.01497
2.72261
3.01503
2.81642
2.98878
2.77055
3.21478
2.76656
3.07697
3.01991
2.7352
2.94234
2.94421
2.99593
2.96129
2.92662
2.87379
3.08907
2.55571
2.78438
3.07223
3.10445
2.69867
3.00764
2.85988
2.82984
2.69238
2.79289
2.93562
2.77984
2.52071
2.86996
2.78183
3.03308
2.69563
2.44386
3.22762
2.7598
2.67182
3.00898
2.85982
2.8059
2.79685
3.22769
2.85022
3.10244
2.83489
3.23852
2.88879
3.00697
2.52213
3.05114
3.42857
3.15255
2.62463
2.38406
2.56765
3.39956
2.99817
2.6615
2.72931
2.6671
2.60387
2.9793
2.85725
2.45371
2.83669
2.81014
3.08198
2.52797
2.64592
2.74845
2.67696
2.6689
3.13908
2.60149
2.56678
3.05167
2.84666
2.92077
3.03956
2.94504
3.32769
3.19286
2.65601
2.44594
2.9528
3.26417
3.04184
2.84552
2.77038
2.75435
2.75756
2.97218
2.80342
2.83489
2.66628
3.04316
2.54021
2.97091
3.06118
2.93341
3.27566
2.87234
2.96615
2.98338
2.95588
2.85605
3.0657
2.60579
2.91829
3.13838
2.63062
2.69658
2.90579
3.04699
2.82293
3.12474
2.89947
2.97239
2.79416
2.64711
3.09706
2.97019
2.85126
2.67353
2.67259
2.5136
2.27023
2.84821
3.05835
2.77782
2.5624
2.44632
3.00694
3.01487
2.57382
2.80904
2.74854
2.82716
2.64292
2.92165
2.81126
2.71992
3.29498
2.93354
2.41636
3.20029
2.99547
2.99425
2.67767
2.85183
2.75293
2.56118
2.92383
2.65255
2.72184
2.92774
2.60644
2.31684
3.13354
3.1245
3.20193
2.8306
3.04235
2.68019
2.71995
2.68842
3.27889
2.5458
2.7266
3.11866
2.99178
2.882
2.37296
3.04591
2.75519
3.0756
2.96111
3.14034
3.17171
2.7808
2.67416
2.92184
3.07193
2.50512
3.0001
2.4506
2.56971
3.13058
3.12623
2.8821
3.36359
3.1819
2.75216
2.82524
3.49893
2.98271
2.959
2.5549
2.36909
3.02862
2.85904
2.90748
3.03818
2.88164
2.83651
2.69741
2.90311
2.82301
2.81955
2.75848
2.54397
3.18718
2.40921
3.14002
2.50288
2.91503
2.95268
2.9661
3.1506
2.69137
2.7931
2.944
2.82307
2.74716
3.02231
2.56991
2.83632
2.76752
2.93746
3.13263
2.72898
2.71858
2.75496
2.90943
2.40784
2.77475
2.98339
2.91481
2.54939
2.84625
2.9501
2.91069
2.70809
2.82032
2.42093
2.94215
2.0811
2.78428
2.33219
3.07086
2.97142
3.07936
2.61703
2.94489
2.55556
2.73876
2.55793
3.0162
3.05991
2.81364
3.25524
2.86898
2.76819
2.85066
2.49165
2.8333
2.8832
3.03117
2.59015
2.66519
2.40921
3.03611
2.97794
2.83658
2.97602
2.57932
3.00305
2.62222
2.67224
2.69519
3.0067
2.81824
3.08226
2.86626
2.74776
3.13196
2.77849
2.75389
2.6696
3.05708
2.85198
2.72942
3.11445
2.83545
2.85475
3.05828
2.60493
2.7183
2.8629
2.78842
2.74698
3.23672
3.1022
2.85268
2.88672
2.78853
3.0578
3.23882
2.18909
3.08296
2.63634
3.01738
3.42835
2.46866
2.98657
3.00856
2.80816
2.40783
2.45197
3.00579
2.85968
2.81836
2.89588
2.61972
3.21775
2.78754
3.10147
3.27749
2.74747
2.76716
2.45611
2.51835
2.6026
2.31077
2.36728
2.76868
2.88835
2.58587
3.05159
3.09901
3.07258
2.93151
3.07345
2.69948
2.6748
2.58421
3.131
2.97072
2.67392
2.58828
2.96351
2.46724
3.07159
2.86101
2.80412
2.89414
2.73175
2.33473
2.79417
2.80101
2.35572
2.77451
2.79255
2.67328
2.92223
2.53985
2.93203
2.66013
3.06014
2.71224
2.75325
3.14702
2.93543
2.79854
2.60858
2.28043
2.89674
2.5256
2.88893
2.83507
2.67164
2.72684
2.55002
2.67247
2.82503
2.61698
2.84097
3.01021
2.84107
3.10713
2.5614
2.49634
2.6972
3.05265
3.32479
2.81641
2.61178
2.85836
2.56456
2.68832
2.7554
2.50678
2.3978
2.88307
2.78586
2.86734
3.13356
2.72005
2.86511
3.04107
3.0378
2.78882
2.92186
2.63261
2.81039
2.75111
2.60511
2.49801
2.92829
3.25891
2.6699
2.82769
2.98402
3.22447
2.897
3.17334
3.0879
3.34894
2.96113
2.99097
3.00374
3.17278
2.93321
2.94171
2.94125
3.26244
2.63338
2.7035
2.71311
3.07018
3.08898
3.34444
3.261
3.00193
2.83494
2.93039
2.97946
3.20121
2.92275
2.58362
2.89219
2.94278
2.88882
3.29405
3.00189
3.43036
3.00039
2.96686
3.15305
2.81728
2.72265
2.56669
2.48621
2.89928
2.6825
3.13574
3.05044
3.23193
3.01282
2.83345
2.83925
3.0867
2.9968
2.75573
3.0549
2.53703
2.92145
3.24193
2.78281
2.71139
2.82162
2.84924
3.00801
2.99495
2.94549
2.59432
2.73765
2.87589
2.92861
2.98307
2.71171
2.50391
2.64593
3.47518
3.15171
2.76559
2.80518
2.69653
2.68278
2.79173
2.75752
2.68783
2.90709
2.72599
3.13625
2.85761
2.39014
2.95902
2.59072
2.95795
3.14566
2.65222
2.96182
3.02459
3.03752
2.64167
2.84981
2.80159
2.92252
2.77228
3.16434
3.26594
2.85052
2.98988
2.90442
2.81495
2.55267
2.74413
2.76773
2.67821
2.69761
2.70137
3.28783
2.80587
2.91464
3.05648
2.37706
2.89291
2.78777
3.10841
2.82309
2.7864
2.82297
2.80752
2.91991
2.77046
2.42978
2.6188
2.62096
2.7849
2.46901
3.15086
2.9972
2.84564
3.11429
2.91842
2.65819
3.16628
3.00221
2.80135
2.95875
2.69054
3.26716
2.7321
2.90385
2.81765
2.81008
2.61502
2.90391
2.96889
2.77843
2.69393
2.85223
2.94468
2.88612
2.75341
2.44239
2.51657
2.70278
3.41888
2.93469
2.49276
3.04453
2.82828
2.8747
2.91439
2.54834
3.04604
2.7924
2.76412
2.64078
2.27742
2.53182
2.44751
2.84546
2.67931
2.35223
2.78961
2.82203
2.64698
2.67588
2.68997
2.96499
2.66182
2.3345
3.08724
2.58242
2.36229
2.77371
2.65165
2.84523
2.88914
2.67555
2.6803
2.75462
2.44442
2.50331
3.0147
2.39424
2.33263
2.70197
2.51625
2.72008
2.65376
2.22343
2.61675
2.95699
2.72484
2.48673
2.82413
2.56023
3.00246
2.40607
2.17656
2.99132
2.36825
2.7231
2.60879
2.93407
2.48899
2.78156
2.70138
2.63669
2.54683
2.45564
2.7259
2.92344
3.04225
2.53742
2.50775
2.41798
2.54907
2.65591
2.74156
2.56656
2.60735
2.39556
2.12007
3.20788
2.53222
2.56679
2.65848
2.77324
2.7829
3.00937
2.53587
2.87545
2.78136
2.59294
2.29856
2.35739
2.79223
2.52025
2.4509
3.22489
2.99887
2.76126
2.93328
3.17581
2.48805
3.13386
3.06553
3.30881
2.89334
2.89294
3.32225
2.94665
2.93626
2.73927
2.60201
2.69511
2.58789
3.14488
2.89457
3.29573
2.74927
3.24641
3.02497
2.72496
2.4231
3.20876
2.791
2.74062
2.78962
2.83389
2.97625
2.94053
3.03397
3.23564
2.97843
2.92725
3.38952
2.51535
3.03208
2.72897
3.19948
2.53995
2.86849
2.66871
2.92715
3.12765
2.47407
2.75705
2.65297
2.72628
3.19459
2.96147
2.81909
3.13954
2.93265
3.15739
2.91434
3.07357
2.7096
2.59411
2.99394
3.39056
2.98965
2.71523
2.94174
2.72974
3.12666
3.10285
2.6729
2.51613
2.83577
2.46668
2.99395
2.93878
3.21591
2.89259
2.96465
2.91196
3.09656
3.23959
3.27562
2.59625
2.99626
2.67503
2.59255
2.80165
2.74792
2.85371
2.69312
2.97153
2.52879
2.83338
2.8506
2.79517
2.58744
2.97279
3.037
2.79048
3.08615
2.91413
3.0677
2.63032
2.77491
2.79528
2.64553
3.08032
2.78941
2.59913
2.70119
3.05843
2.87357
2.76374
3.06443
2.77456
3.27529
2.64244
2.64994
2.6027
3.13594
2.62449
2.88995
3.17438
3.22477
2.88528
2.88631
2.61072
3.19546
2.90934
2.74463
2.84274
2.79022
2.84434
2.6463
3.07016
2.6543
2.54192
2.82281
2.97871
2.94525
3.21908
2.63152
2.50909
2.73885
2.79926
2.87294
3.14273
2.59168
2.78731
2.97919
2.81817
3.11133
2.91847
3.04505
3.08404
3.1047
2.64565
2.71614
2.49461
2.85228
2.74608
3.00645
2.59668
2.81591
2.69706
3.04346
2.92397
2.88893
2.71611
2.83435
2.94332
2.73374
2.56677
2.73406
3.04538
2.41203
2.74962
2.8518
2.97786
2.83725
2.99395
2.74139
2.57002
3.12498
2.7855
2.95612
2.82074
2.6503
2.72789
2.80762
2.22606
2.63224
3.11361
2.60751
3.10444
2.70567
2.20982
3.02112
2.59774
2.70592
3.08497
3.00052
2.625
2.76531
3.17646
2.89388
2.3886
2.63624
2.11902
2.97927
2.42971
2.93939
3.12085
2.50095
2.67568
2.5708
2.47266
2.8926
2.61075
2.5552
2.67224
2.82068
2.97871
2.57501
2.49062
2.83038
2.8769
2.96637
2.55884
2.68019
3.18493
2.70545
2.41239
3.05742
2.6587
2.58679
2.85736
3.12432
2.94778
3.4116
2.64955
2.91567
2.88251
2.85824
2.65405
2.70244
2.6259
2.85324
2.82328
3.06484
2.8377
2.92114
2.6133
3.03164
2.72769
2.73531
2.94276
2.84536
2.15376
2.60935
3.22585
2.85649
2.84081
2.69094
2.64465
2.57352
2.87519
2.59477
2.86996
2.76178
2.72494
2.69467
2.86258
3.03412
2.64695
2.94086
2.34364
2.63481
3.14727
2.91372
2.49383
2.57952
3.02623
2.67262
3.30329
2.98934
2.85963
3.07811
2.56787
2.36193
2.6502
2.79409
2.71124
2.83953
2.74327
2.61205
2.56578
2.96727
2.82882
2.73549
3.0933
2.57314
2.92089
2.92659
2.90564
2.39411
2.97557
2.68948
3.16924
3.37533
2.2623
2.64987
2.59596
2.77302
3.32192
2.57992
2.51335
2.83759
2.80245
2.58388
2.9087
2.80604
3.0761
2.85754
2.56848
2.6902
3.04235
2.65229
2.97755
2.96051
2.95771
2.66487
2.76711
3.02314
2.51786
2.5771
2.86758
2.72491
3.26096
2.93393
2.75134
3.22518
3.0521
2.46979
2.65448
2.77902
2.92522
2.62292
2.90938
2.96445
2.25777
2.44117
2.87243
3.44983
3.01958
2.48242
3.19162
2.44812
3.05579
2.60642
2.77446
3.48025
2.55781
3.34754
2.92551
2.85682
2.94932
2.76035
3.074
2.63139
3.15
2.60789
2.76458
2.82921
2.82658
2.62704
2.90245
2.98996
2.7903
2.61875
2.71964
2.84058
2.89332
3.16865
2.95924
2.58599
2.67064
3.07593
2.44108
2.89781
2.81784
2.72963
2.6839
2.87505
3.18338
2.49318
2.98791
2.90541
3.02531
2.85927
3.02689
3.09008
2.66969
2.78832
2.88396
2.71982
3.19997
2.82269
2.93212
2.9306
2.96941
3.19672
2.86416
2.79504
2.46764
2.5341
2.28169
2.66152
2.71205
2.91251
3.0335
3.15222
2.68143
2.72151
2.97908
2.83154
3.16942
2.73326
2.93438
2.35425
2.73182
2.78899
2.50422
2.72101
2.47151
3.0758
2.38688
2.80562
2.30191
2.876
2.77095
3.04856
2.85357
2.96702
2.97677
2.6024
2.97406
2.88944
3.09758
3.14575
3.13322
2.80946
2.84866
3.04417
2.6596
3.07497
2.88927
2.85208
2.85878
2.63505
3.02132
2.62914
3.52683
2.71608
2.68494
3.35973
2.6318
2.84596
2.56661
2.67929
2.95278
2.65335
2.6361
3.14654
2.48926
2.8852
2.81537
2.64757
2.29515
2.55865
3.24535
3.19393
3.10535
3.18136
2.71953
2.99136
2.74539
3.00453
2.8612
3.06912
2.74987
2.8994
2.65606
3.13119
3.15932
2.99634
2.72939
2.6904
3.12682
2.64019
2.75448
3.07904
2.99967
3.28092
2.74271
2.86028
3.09439
2.55156
2.7339
3.36673
2.61232
2.89624
2.76005
2.93747
2.82828
2.62983
2.97518
3.09541
3.03623
2.84798
3.00446
2.79643
2.88465
2.79857
2.69636
2.70479
2.89258
3.08852
2.67345
2.76128
2.6711
2.69471
2.52577
2.87945
2.96836
2.8949
2.42577
2.99454
2.64483
2.97472
3.21831
2.82454
2.59358
2.2422
2.72571
2.97495
2.8513
2.71897
2.90815
2.67991
2.53018
3.07839
2.509
2.6468
2.75761
2.55231
2.82959
3.04367
2.95014
2.33651
2.70955
3.00557
3.01419
3.3432
3.07157
2.56353
2.86039
2.88886
2.53871
3.0864
3.20618
3.31829
2.85845
2.95932
3.05923
3.49398
2.95299
2.57677
2.95065
3.08095
3.11174
2.83225
2.81422
3.1209
3.02016
2.85267
3.27857
3.63207
2.82688
3.052
2.96206
2.59823
3.12577
2.99664
2.6485
2.99559
3.0189
3.26686
3.0738
2.94499
3.05016
2.90038
2.63219
2.76104
3.34572
2.69632
2.69925
3.11576
2.88508
2.84445
2.81687
2.77145
3.31144
2.9484
3.03414
2.9557
3.06627
2.67126
2.92869
2.65481
3.1727
2.83117
2.8051
3.05755
2.80271
3.00864
2.43379
2.69736
2.7454
3.17495
2.97677
3.13696
3.04275
3.26472
3.30174
2.87607
2.85022
3.01941
2.76937
2.55678
3.15939
3.01221
3.13589
2.864
2.90017
2.94971
2.84608
3.1294
3.14751
2.90174
2.99199
3.10594
2.64875
2.76391
3.11318
2.80602
3.04158
2.50766
2.97908
2.73906
3.08274
3.07084
3.20648
3.00857
2.95042
2.96025
2.8895
2.72686
3.09255
2.8777
3.07853
3.02
3.16161
3.27552
2.83969
3.04336
2.68297
2.8096
2.83056
2.80253
3.23499
2.87447
2.75727
2.82042
2.44592
2.54564
3.27927
2.62083
2.81486
2.78885
2.75099
2.56449
3.01562
2.96768
3.09525
2.77586
2.96599
3.05201
2.91156
2.79602
3.12893
2.9268
2.69042
2.66197
3.55365
2.75021
2.91895
3.07594
2.9571
2.67983
3.12819
3.0749
2.76862
3.02302
2.52703
2.80942
2.93062
2.74445
2.9162
2.82637
2.69957
3.13446
3.01273
2.78002
2.70055
3.12754
3.49344
3.1733
2.56781
2.76328
2.95836
2.73116
2.8774
2.70473
3.15511
2.6595
2.38334
3.06785
3.22117
3.0429
3.0621
3.24087
2.10299
3.40624
2.92109
2.70192
3.39597
2.8315
2.96255
3.20425
3.03317
2.95715
2.99984
2.65856
3.10982
3.26654
2.82934
2.83913
2.94061
2.82444
2.84711
2.88058
2.99191
3.01993
2.58296
2.65689
2.50696
3.12335
2.87864
2.89442
2.55723
3.07169
2.87508
2.77226
3.03213
2.54975
2.91994
2.49641
3.05437
3.12532
2.74189
2.88288
3.08888
3.10114
2.99295
3.02012
2.97783
2.65627
3.06793
2.96686
2.79358
3.07016
3.13881
3.24362
2.84167
2.71186
2.7505
2.89009
2.5869
2.66058
3.25021
2.85914
2.56022
2.26104
2.57019
2.87033
3.13445
2.59602
2.8987
2.53535
2.53549
2.68171
2.71431
2.78013
2.60894
2.81972
2.50767
2.97861
2.75881
2.87294
3.00368
2.55495
3.00667
2.83721
2.87734
2.5987
2.84123
2.72212
3.10657
2.9944
2.95877
2.79962
2.76082
2.9228
2.55091
3.06164
3.19161
2.96508
2.74378
2.76679
2.87701
2.66846
3.10088
2.81909
2.20601
2.87811
2.61001
2.59083
2.9687
3.10923
2.7292
2.52254
2.96747
3.15513
2.73504
2.54401
2.70465
2.80466
2.75777
2.82446
2.89973
2.80008
2.94667
2.70295
2.8718
2.49943
2.69148
2.88306
2.35703
2.70069
2.85242
2.87801
2.95888
2.72031
2.82163
2.39767
2.66341
2.7598
2.48302
3.08057
2.52288
2.55
2.50346
2.4593
2.48473
2.89131
3.1279
2.60608
2.9541
2.36754
2.66219
2.56638
2.56903
2.94652
2.97348
2.78088
2.68863
2.90918
2.67611
2.89255
2.99728
2.84907
2.62087
2.74508
3.10322
3.00778
3.11005
2.65021
2.75604
2.75796
2.59963
2.92788
2.47035
2.65515
2.43707
3.08948
2.74054
2.78001
2.8466
2.6544
2.41579
2.9938
2.8916
2.96187
2.9193
3.10601
3.14901
2.66406
2.49779
2.76923
2.89746
2.67814
2.68289
3.05284
2.93975
2.70981
2.85746
2.59599
2.91809
2.68521
2.79097
2.64682
3.12177
2.92107
2.94262
2.92898
2.84756
2.53842
2.56097
2.46314
2.93537
3.17678
2.99475
2.66483
2.51521
2.64269
2.52351
2.73443
3.03392
2.68908
3.10339
2.37815
3.00896
2.50457
2.75801
2.90336
3.09769
2.65038
3.01908
2.8703
2.8846
2.99978
3.14863
2.99997
2.6621
2.97284
2.73325
2.99301
2.98084
2.92803
2.92575
3.03663
2.75585
2.70415
2.74654
3.29372
2.79127
3.47854
2.86299
2.61981
3.31023
2.86291
2.81636
2.75105
2.6913
2.90164
2.77237
3.06241
3.27986
2.54433
2.62885
2.69987
3.04291
2.50902
2.72089
3.20077
3.4805
3.35945
3.21749
2.90195
2.87783
2.79551
2.94621
3.07676
2.60811
3.20767
2.93182
3.11077
2.96783
3.08567
2.82842
2.65544
2.85629
2.99199
2.95895
2.85004
2.96257
3.11115
3.02625
2.69838
2.99249
2.39639
2.78079
3.23036
3.04154
2.90704
2.71934
3.10651
2.98162
3.03181
2.92683
2.77638
3.19134
2.35377
2.7984
3.45556
2.79687
3.02109
3.01342
3.03951
2.73946
2.77939
3.04981
2.76128
2.90709
2.92279
2.94271
2.66667
2.85776
3.28317
2.58712
3.03449
2.83026
3.1725
3.47858
2.46478
2.93641
2.88292
3.00647
3.24522
2.76784
2.88289
3.00089
2.78368
2.44928
3.3023
3.0697
2.82018
3.08869
3.03836
2.99724
3.04856
2.90584
3.18628
2.91236
3.15157
3.06801
2.69383
2.63184
3.05506
2.63951
2.65355
3.03408
2.83779
2.74757
2.59723
2.41268
2.91431
2.64125
3.03161
2.27238
2.78876
2.58834
2.91846
2.93396
2.64665
2.46452
2.94141
2.60633
2.70903
2.79478
2.62016
2.85752
2.18975
2.61857
3.1916
2.92694
2.70655
2.84962
2.74006
2.39992
2.9918
3.04034
2.57466
2.7093
2.65632
2.39459
2.44711
3.07531
3.10301
2.33962
3.15589
2.75407
2.88905
3.12944
2.87253
2.632
2.4279
2.69212
3.07288
2.74088
2.55705
2.97981
2.25894
2.76707
2.56773
3.03195
2.82756
2.72483
2.66549
2.80121
2.67969
2.94028
2.59139
2.23369
2.99019
2.79039
2.70844
3.17211
3.0024
2.97975
3.19939
3.08426
3.17875
2.67157
2.99741
3.0568
3.11376
2.77652
2.91613
3.11041
2.85056
2.56732
2.84044
2.89484
3.09558
2.29777
3.06926
2.80821
3.01706
2.61797
2.71742
2.61556
2.86374
2.96725
2.8641
2.95282
2.5091
2.88648
2.98727
3.14697
3.28932
2.97486
2.52884
3.02122
3.0652
3.35537
3.42852
2.74666
2.81482
2.80583
2.82481
2.71273
2.60242
2.73046
2.77326
3.0955
2.78283
3.4199
2.81379
2.86439
2.95309
2.83263
2.71571
3.10139
2.9699
3.0852
2.85257
2.91191
3.06177
2.58528
3.23086
2.65867
3.00166
2.9078
2.9296
3.13082
2.81778
3.25689
2.86035
3.13299
2.93258
3.04176
2.83704
3.2108
2.94311
3.00988
2.95537
2.74872
3.24317
3.23718
2.89039
2.98258
2.76658
3.16753
3.02988
2.8341
3.21492
3.02693
3.43648
3.03522
2.79144
2.9415
3.22896
3.25378
3.2577
2.82612
2.94452
3.0467
3.40001
2.45376
3.21253
3.01217
3.05754
2.642
3.21267
3.14825
2.8387
2.70495
3.30381
3.22497
3.13048
2.91806
2.9605
3.15704
3.16078
3.44707
2.98697
3.1325
3.3114
2.9354
2.38098
2.612
3.24954
3.2943
2.73662
2.88501
2.79388
2.91748
3.30498
3.02143
3.14715
2.45869
2.98509
2.48512
3.07489
2.99288
3.13935
2.65404
2.87728
2.69658
3.12838
2.82566
2.49742
2.95324
2.81116
2.69769
2.66273
2.9912
2.79473
2.96608
2.88763
2.70805
2.58142
2.81566
2.75986
3.20454
2.85162
2.67394
2.75232
3.08767
2.57186
2.88476
2.67287
2.4346
2.86198
2.69205
2.71185
2.47926
3.01575
2.6623
3.09156
3.12085
3.03901
2.45568
2.89852
3.11857
2.77875
2.7826
2.90659
2.90479
2.91885
2.59903
3.2222
2.81604
2.05558
2.94478
2.82403
3.10961
2.7771
2.87057
3.08307
2.79743
2.65204
3.07558
2.84724
3.07999
2.64643
2.68022
2.21977
2.73232
2.75935
2.86923
2.66403
2.82442
2.39701
2.34072
2.79075
2.75735
2.73193
2.37075
2.92087
2.32827
2.32112
2.34691
2.61263
3.19049
2.73109
2.82512
2.95386
2.86545
2.47889
2.81917
2.70456
2.62595
2.77541
2.70667
2.94024
2.23725
2.76845
2.52106
2.63869
2.78528
3.01722
2.57486
2.70619
2.57465
2.9593
2.98787
2.81905
2.41161
2.87797
2.56299
2.60183
2.67287
2.49777
2.29302
2.53338
2.62379
2.70038
2.61319
2.24803
2.78657
2.65755
2.73628
2.87197
3.15114
2.94758
2.78215
2.99322
2.72417
2.80514
2.69863
2.80759
2.58783
2.66998
2.73662
3.14168
2.76122
2.95178
2.65051
2.69909
2.87442
2.80673
3.15509
2.73431
3.11818
2.54439
2.96617
2.68562
2.93704
3.07355
3.18047
3.09312
3.32729
2.77585
2.64928
3.17051
2.94652
3.19534
2.76474
3.03561
2.99792
2.88348
3.48551
2.7663
2.82721
2.57356
3.07104
3.02111
2.9259
3.12861
2.65495
2.97809
2.75392
2.61282
3.06437
2.59941
2.65216
3.09725
3.13947
2.84269
2.3385
3.39493
2.94647
2.38806
2.5108
2.65966
2.99792
2.54249
3.06788
3.47673
3.16691
3.05583
2.60105
2.77879
3.0109
2.63094
3.10551
2.76464
2.54506
3.06989
3.19936
2.58256
2.84322
2.59341
2.8717
2.96981
2.91323
2.54032
2.85057
2.80551
2.952
2.95912
2.57032
2.71565
3.12953
2.77006
2.50429
2.87403
2.57858
2.81077
2.6553
2.60684
2.69642
2.70778
2.69938
3.06717
2.55932
2.58338
2.66268
2.77039
2.44028
2.57688
2.54153
2.59397
2.53402
3.06073
2.76559
2.27986
2.62038
2.89333
2.73347
2.76809
2.97542
2.79162
2.8636
3.15583
2.90661
2.95565
2.72832
2.77567
2.75051
2.39829
2.76737
2.94752
2.78735
2.56874
2.42571
2.49452
2.66795
2.6791
2.397
2.66989
2.9229
3.19452
3.00554
2.71704
2.78746
2.81588
3.27283
3.35645
2.90775
3.36434
2.7171
3.30205
2.83042
2.68548
2.4873
2.96127
3.09161
3.01052
2.59265
2.80166
2.87377
2.52205
3.00897
3.03956
2.99783
3.077
2.86247
3.17532
2.99409
3.19638
3.116
2.54438
2.82441
2.59441
3.00335
2.7199
3.16278
3.07108
2.88178
3.29638
2.91069
2.63886
3.31785
2.91436
2.69991
2.8348
3.15101
3.42389
2.78332
2.89151
3.13359
2.74558
2.76261
3.02539
3.47533
2.8496
2.93921
2.66206
2.99917
2.80961
2.7717
2.81466
3.21055
2.95567
2.70615
2.62424
2.71037
2.86899
3.21988
2.77482
3.07964
3.02836
2.69138
3.43894
3.19269
3.07752
2.9444
2.94163
3.26874
3.05296
2.82995
3.00321
3.0585
2.84475
2.67174
2.80767
2.77616
2.96568
2.5461
2.5969
2.90796
2.95511
2.81915
2.82922
3.00392
2.95219
2.77278
3.04947
3.17569
2.84427
2.7324
2.76709
3.19298
2.79483
3.36392
2.71128
2.67929
2.76552
2.78948
3.33312
2.6822
2.9422
3.01574
2.70896
2.95702
3.17786
3.04378
2.66739
3.18253
2.73478
2.838
3.38556
2.94896
3.01926
3.1771
2.96695
2.75477
2.48977
2.69034
3.17617
2.93929
2.72365
3.06379
2.6025
2.66
2.84567
2.79333
2.96306
2.73107
2.71097
3.12365
3.01601
2.92755
2.79797
3.15216
3.2564
3.06011
2.79139
2.87544
2.81146
3.15775
2.8795
3.04472
2.91121
3.08262
2.80295
2.59745
3.02756
2.74235
3.30163
2.30507
2.86277
2.78348
2.66263
2.77153
3.09822
2.97471
2.94443
2.493
3.00436
2.9965
2.82053
2.65537
3.20814
3.14683
3.11581
2.71323
2.5694
2.94267
3.06951
2.95285
2.73507
2.96398
2.49047
3.45321
2.62407
2.70755
2.5079
2.75359
2.70849
2.81938
2.89784
3.18569
2.71337
3.13158
2.96895
2.25298
2.81502
2.81416
2.72982
2.74395
2.71744
2.61383
3.40141
2.93932
2.80096
2.87493
2.67263
2.9548
3.02264
2.98168
2.47222
3.12668
3.12382
2.8296
2.66903
2.87374
2.80714
2.68889
3.3173
2.87206
2.2967
2.71987
2.84789
2.61546
2.86331
3.07996
2.92012
2.87374
2.90758
3.57316
2.73663
2.89858
2.82925
3.19774
2.69789
3.02124
2.6237
3.26637
3.09002
2.92584
2.90809
3.05709
3.14882
2.76963
2.88406
2.40631
2.60586
2.84103
2.79884
2.40317
3.07514
2.38361
2.58242
2.38853
2.6802
3.0017
2.59949
2.7933
2.82274
2.85096
2.88424
2.80537
2.77325
2.78757
2.84733
3.13749
2.81534
2.42832
3.03581
2.47926
2.50275
2.79788
2.56932
2.33098
2.99321
2.63288
2.83386
3.22248
2.65267
2.48892
2.88326
2.91356
2.55495
2.45524
2.38807
2.801
2.7523
2.83593
2.74283
2.41185
2.48502
2.58475
2.56435
2.38929
2.816
2.65117
2.96239
2.54219
3.14734
2.9587
3.12102
2.64352
2.43946
2.98763
2.5302
2.85258
2.64316
2.45317
3.1152
2.16375
2.9028
2.5836
2.30214
2.77373
2.73182
2.63533
2.29154
2.70318
2.84267
3.00225
2.55934
2.77303
2.42949
2.77912
2.99246
2.65068
2.74616
2.26456
2.46812
2.88123
2.93233
2.78623
2.53859
2.68977
2.64879
2.96189
2.36123
2.19574
2.67508
2.67649
2.82252
2.80785
2.73002
2.93539
2.34246
2.80023
2.83573
2.29099
2.4957
2.61715
2.90433
2.95091
2.71847
2.73036
2.70862
2.73412
2.81841
2.80068
2.82016
2.68888
2.65828
2.37749
3.10305
3.13118
2.72588
3.31268
2.42994
3.08894
2.807
2.71813
2.92881
3.27912
2.71953
2.92241
3.10089
2.58952
3.18798
2.87051
2.657
2.71778
3.17542
3.20898
2.93682
3.08572
3.14669
3.07988
3.09545
2.70021
2.87766
2.94997
3.06737
2.72257
3.50705
2.83245
2.73153
3.02983
2.95268
2.9136
3.39316
2.80929
3.14763
2.77689
2.95661
3.50372
2.5982
2.74639
2.90167
2.8252
2.81915
2.71735
2.7082
3.05921
3.14049
3.29407
2.74775
3.01433
2.80895
2.85884
2.8738
2.89467
2.89187
3.05423
2.91441
3.07732
3.02373
3.17672
2.99595
3.22838
2.44799
2.92768
3.05955
2.4497
3.27536
2.73646
2.96954
2.71299
2.8749
2.87127
2.76026
3.41052
2.52852
2.95661
3.10577
2.85693
2.88297
3.05372
3.01056
3.07002
3.34521
3.11388
2.61467
3.03614
2.53066
3.07998
2.98363
2.69663
3.03749
2.93695
3.08482
3.14822
2.70294
2.78994
2.79597
2.82142
2.60807
2.82936
3.12228
3.02159
3.29012
3.1853
2.84506
3.06118
3.40099
2.84537
2.80343
2.95223
2.84348
2.88856
2.93299
2.92621
2.80226
2.86242
2.95085
3.0097
2.64342
3.12459
2.71239
3.42201
2.7351
2.70377
2.8868
2.91945
3.08268
2.72747
3.00315
2.66574
2.74948
2.77125
3.17049
2.72068
3.03475
2.92652
3.37442
3.07698
2.78864
2.5136
2.87828
3.10037
2.99604
2.73578
2.73067
2.87623
3.11105
2.6939
2.89586
2.69567
2.79652
2.42563
2.97981
2.87033
3.14834
2.48956
2.78903
2.93404
3.04576
2.82923
2.74652
3.08494
2.83338
2.79117
3.1833
2.82788
2.55005
2.66284
2.67391
2.80089
3.18216
2.96539
2.6311
2.99577
2.61934
3.13129
2.7582
2.74149
3.1587
2.95679
2.80518
2.34593
2.95427
2.25419
2.75984
2.98846
2.67679
2.89558
2.52247
2.71636
2.62515
3.364
2.86916
2.48512
2.63369
2.47459
2.77457
3.09008
2.95399
2.24301
2.72537
2.71468
3.12223
2.66479
2.85287
2.493
2.40227
2.36644
2.42857
3.01449
2.70804
2.70372
2.95059
2.64058
2.7869
2.86037
2.57982
2.22704
2.65409
3.12981
3.3429
3.27759
2.95933
3.04183
2.96005
3.09401
3.1588
3.13344
2.96251
2.8791
2.61896
3.14539
2.6061
2.69988
3.15326
3.01341
2.83231
3.01979
3.15013
2.76785
3.082
2.95113
2.88139
2.92614
2.80358
3.50098
2.71665
2.71048
3.07421
3.22599
3.16569
2.71124
3.06742
2.86178
2.97008
3.23042
3.27436
2.71204
3.03171
2.91209
2.70645
3.43302
2.88266
2.98731
2.89946
2.63728
2.80394
2.90362
2.84524
3.15165
3.00472
2.74309
2.73289
2.6341
3.06456
2.59514
2.66969
2.704
2.66632
2.92094
2.65739
2.63905
2.63716
2.77431
2.58928
2.39804
2.85161
2.65906
2.57717
2.60678
2.71864
2.7612
2.69959
2.29129
2.73155
2.6469
2.83352
2.55918
2.61266
2.90737
2.83919
2.61491
2.86164
2.63255
3.10217
2.25507
2.70084
2.8368
2.67228
2.36154
2.63477
2.74545
2.80879
2.92995
2.8955
2.71182
2.95737
2.946
2.50644
3.02073
2.76597
3.00701
2.56653
3.07328
3.1592
3.23209
2.87021
2.80149
2.68889
2.91763
2.71027
2.90832
2.85713
2.95292
3.06484
3.24223
3.07088
2.57895
3.26431
2.60266
3.06189
2.89198
3.28272
2.58671
2.93236
2.88318
2.97066
3.65613
2.85716
3.17722
2.81873
2.75155
3.05829
2.6537
3.00372
3.06218
2.87494
2.85453
2.94319
3.03312
2.64597
3.07834
2.52126
2.62745
2.92582
3.06803
3.03696
2.67115
3.26781
3.0101
3.33756
2.55642
3.00212
2.81223
2.751
2.84938
3.04532
2.95967
3.2623
3.17856
2.79106
2.8397
2.96058
2.74803
3.135
2.97682
3.08245
2.90589
3.03374
3.07249
2.66005
2.89107
2.96155
2.81195
3.17639
3.02997
2.67246
3.37388
2.73158
2.65405
3.22968
3.24147
2.72789
2.34308
2.78076
2.85411
2.61671
2.48349
3.09728
2.4822
2.67924
2.88328
3.01831
2.69052
3.1221
3.02313
3.27852
3.1565
3.22574
2.99331
2.66243
2.80205
3.03927
2.68567
2.62827
2.87596
2.84831
2.92563
3.12184
2.82346
3.3623
2.87448
2.81693
2.9418
2.92115
2.88335
3.12209
2.9171
2.53586
2.73143
3.2407
2.67549
2.82855
2.74107
2.66892
2.9452
3.19118
2.51698
2.42579
2.96272
2.87829
2.54298
3.13342
2.64526
2.97046
2.86551
2.72317
3.41857
2.66124
3.08076
2.96306
3.42145
2.81937
2.75891
2.58341
3.19954
2.37901
2.99652
2.53577
2.82827
3.1084
2.76778
2.91042
3.20665
3.0194
2.80439
2.89561
3.00452
3.29945
2.62769
3.11216
2.92537
3.20756
3.13242
2.95082
3.02359
3.03557
3.10206
3.01965
2.97801
3.13182
2.97487
3.06598
2.6286
3.49215
2.81096
2.68964
3.05417
2.9038
3.05956
3.12976
3.0836
2.85982
2.66441
2.91554
3.38794
2.89211
2.83072
2.84991
2.6083
2.78159
3.02101
2.94245
3.18059
2.85363
2.7759
3.08951
2.65451
2.85272
2.89319
3.04438
3.06231
3.00185
2.53637
3.07639
2.94727
3.02318
3.12597
3.10406
2.94375
2.82254
2.8107
2.9165
2.84131
3.43831
3.41355
3.08205
2.64538
2.93868
3.00557
3.25443
3.4912
2.91111
2.82016
2.76346
3.08362
2.77094
2.96651
2.97918
2.77822
3.0476
3.03976
3.19113
3.00885
2.83577
3.20286
3.23713
3.03843
3.12774
2.94998
2.95584
3.07586
3.12883
3.2846
2.9458
3.28923
3.33764
3.23472
3.08823
3.29138
2.92195
2.71942
2.8147
2.52364
2.87299
2.82968
2.55967
2.9106
3.23375
2.90484
2.95849
2.97261
2.66766
2.66633
3.13668
2.5823
3.0652
3.76937
2.93013
2.67865
2.86043
2.60531
3.14329
2.83083
2.76241
3.12942
2.84908
2.64972
3.21915
2.98134
2.52042
3.18647
2.96288
2.88712
2.81677
2.68452
3.19923
2.93512
3.10012
2.87518
2.97844
2.94533
3.12256
2.63753
2.6808
2.92424
3.35023
2.66675
2.91646
3.1052
3.01485
3.01576
3.08561
2.97759
2.13572
3.15158
3.00321
2.70993
2.82848
2.30564
3.14991
2.79644
2.93039
2.97711
2.75426
2.49153
3.00793
3.05919
2.83235
3.12009
3.23569
2.83642
2.95997
2.96274
2.92681
2.98136
2.9224
2.71262
2.77549
2.76303
2.87172
2.45425
2.70185
2.87982
2.79792
2.83297
3.00822
2.4089
2.65466
2.83745
3.28488
2.5668
3.05246
3.14606
3.17523
2.79483
2.89532
3.26622
2.68531
3.39995
3.08119
2.92108
2.74265
2.73389
3.36852
2.66476
2.97985
3.18063
2.77804
3.07767
2.81485
2.7419
3.39061
3.10959
3.08218
3.03344
3.33334
3.05021
2.62252
3.15295
3.13496
2.86925
2.93831
2.90908
3.35483
2.87382
3.41827
2.9147
3.07939
3.33355
3.19621
2.80062
3.04932
3.15561
2.40889
2.83229
2.60201
2.54249
3.31675
2.87131
2.98271
2.71424
3.19399
3.02576
2.79691
2.61164
3.10713
2.63419
2.70146
3.23549
2.94824
2.78514
2.9186
2.51927
2.7087
2.96146
2.64677
2.63454
2.67383
2.88263
3.29643
2.50293
2.6377
2.59847
2.51187
2.24663
2.72292
3.18379
2.5844
2.95499
2.71738
2.71486
2.99574
2.93107
2.44868
2.66413
2.70982
2.5501
3.18087
2.58457
2.44528
2.95582
2.64632
3.26485
2.87798
2.78859
2.99042
2.70803
2.77704
2.83487
2.92592
3.23452
2.83774
2.7043
3.15031
2.88618
2.84528
2.70903
2.92046
3.0118
2.74304
2.74392
2.97656
2.99865
2.72794
3.19418
2.685
3.13972
3.32661
3.16593
2.93629
3.02978
2.7242
2.84193
2.95936
2.58594
3.02801
2.89155
2.36641
3.1044
2.94443
2.93426
2.65505
2.55385
2.69898
2.72195
2.63488
2.62155
2.69832
2.71918
2.48707
2.51158
2.7315
2.81285
2.56588
3.01905
2.56726
3.00438
2.95986
2.71016
2.7944
2.29165
2.64933
3.01319
2.51014
2.75834
2.93997
1.98863
2.58777
3.02109
2.93226
2.6949
2.87341
2.76521
2.71071
2.79635
2.9502
2.52539
2.56895
3.08647
2.61512
2.6161
2.95712
2.62658
2.5691
2.52102
2.79793
2.50046
2.62504
2.93355
2.48456
2.92196
2.98453
3.05652
2.33366
2.79005
3.04915
3.02864
3.08275
2.49341
2.86116
3.01809
2.14195
3.21867
2.72207
2.79192
2.92301
2.67347
2.68028
3.16757
2.76047
2.8821
2.82765
2.85244
2.2946
2.82866
3.03813
2.65105
2.62587
2.79243
3.35001
2.8509
3.05502
3.04683
2.79183
3.02579
3.20626
3.14341
3.29444
2.88007
3.24038
3.34899
2.73257
2.79798
3.08568
2.84728
2.93083
3.09015
2.70437
2.97341
2.97025
3.44442
3.28685
2.72447
2.40383
2.46757
2.8774
2.98666
2.86361
3.1028
2.93226
3.12545
2.84517
2.92453
3.25922
3.01445
2.85276
3.16644
2.76268
2.9582
3.01324
2.86196
2.83057
3.0577
2.89124
2.89324
2.59368
2.92672
2.87192
2.86951
2.94254
2.6265
2.40997
2.69685
2.66605
2.94968
2.53072
2.7001
2.6587
2.87192
3.13325
3.01228
2.79652
2.80362
3.11818
2.97996
3.38325
2.84457
2.41675
3.24908
2.63421
2.51407
2.94454
3.07919
2.97198
2.68226
2.76462
3.00938
2.63114
2.76985
2.92594
2.50048
2.41794
2.49037
3.08331
3.00396
2.86826
3.1204
2.4459
3.04784
2.83732
2.68707
3.04
2.84302
3.05868
2.75125
2.70611
2.96811
2.92781
3.00916
3.23743
3.01885
3.14472
2.5945
2.73047
3.04399
2.99918
2.73357
2.48856
3.0915
3.16733
3.03551
2.76209
3.14203
2.70933
2.73081
3.02975
3.09923
2.63435
2.95276
2.88673
3.36601
3.48845
3.06372
2.6197
2.84577
2.55056
3.07298
2.95528
2.59557
2.46438
2.82771
2.9755
3.34351
2.60933
2.75237
2.88513
2.59833
2.90775
2.93175
2.9605
3.024
3.1174
3.07437
3.28787
2.97709
2.9346
2.9432
2.87529
2.94092
3.17035
3.03525
2.8579
2.77427
2.88877
2.37015
2.87338
3.26121
2.78615
2.51226
2.97642
3.02864
3.16006
2.96214
3.05957
2.69786
2.8411
2.66372
3.47477
3.01222
2.791
3.23053
2.61211
2.99445
2.88478
3.06085
2.96115
2.90618
2.96781
2.92096
3.18559
3.02487
2.93854
3.07194
2.6616
2.96708
2.72798
2.53574
2.58276
2.65256
2.77351
2.84221
3.08567
2.32924
2.72401
2.55537
2.95864
3.09478
2.72903
2.99036
2.6821
2.68576
3.16283
2.62231
2.88416
2.83497
2.98527
2.47388
2.66558
2.92251
2.68332
2.44163
2.62483
2.7491
2.99275
2.81568
2.56707
2.73225
2.59519
3.11223
2.91313
2.94558
2.70956
2.96186
2.90258
2.79332
2.376
3.06081
3.17564
2.87572
3.0657
2.36582
3.20288
2.85848
2.99844
2.70344
2.77389
2.80464
2.47258
2.94524
2.93377
3.24439
2.77548
3.01206
2.68398
3.03869
2.83208
2.92579
3.19895
2.77761
2.77545
3.03776
3.01667
2.75221
2.54377
2.81232
3.16621
2.51425
2.69787
3.07082
2.97825
2.77269
2.61005
3.23032
3.17285
2.48451
2.88744
2.61234
2.39626
2.43139
2.80081
2.64294
3.02002
3.39498
3.13958
3.01815
3.07791
2.83375
2.70196
3.12748
2.77186
3.12194
2.71126
2.68812
2.5335
2.85446
2.47343
2.85652
3.04227
2.85007
2.64098
3.25776
2.84465
3.16532
2.68941
3.06449
2.84107
2.91507
3.31431
2.68101
2.87802
3.30825
2.89855
2.43585
2.36982
2.94178
2.98922
2.70961
2.80403
2.43564
2.91679
3.08137
2.68308
3.04064
2.85954
2.81848
3.09019
3.07302
2.84998
2.60905
2.87567
2.68404
2.66468
2.61664
2.72368
2.71367
2.91841
2.70525
2.92725
2.71061
2.67193
2.96984
2.80817
2.69941
2.58578
2.5434
2.97849
2.57705
2.88209
2.84733
3.0862
2.76446
2.42926
3.1852
3.10617
2.35502
2.65226
2.72641
2.72568
2.64788
2.77232
2.45346
3.08223
2.9273
2.75129
2.57222
2.89002
2.98346
2.86629
3.06893
2.9972
2.80456
2.83147
2.70694
2.94993
2.63365
2.95347
2.6064
2.31445
2.47478
2.86356
2.97202
2.6704
2.9853
3.53671
2.99458
2.39678
2.68647
2.89208
2.84328
2.82931
2.80216
2.82506
2.75617
2.64313
3.37833
2.8561
2.56373
2.93184
2.49644
2.77291
3.03245
2.92606
2.73695
2.31108
2.80864
2.76833
3.12374
3.12305
2.87608
2.68621
2.87138
3.03115
2.64123
2.84736
2.90583
2.55576
3.12977
3.17646
3.16847
2.29316
2.9917
3.0216
2.85798
2.98924
3.16415
2.56478
2.60226
2.71826
3.06309
2.90195
2.93627
2.79024
2.64595
2.99753
2.72562
2.97982
2.62006
3.47946
2.71502
3.26527
3.26724
2.89676
3.61627
2.99209
3.34308
3.02333
3.53701
2.85023
2.98995
3.20022
3.10238
3.32785
3.26377
3.28192
3.06011
2.77016
3.33731
2.80982
2.59096
3.14215
3.36769
2.97797
2.96417
2.91776
2.88706
2.97874
2.70069
2.62254
3.1423
2.83704
2.56039
2.81442
2.7647
2.69693
2.58279
2.85707
3.02488
2.85909
3.08511
2.78291
3.20686
2.98485
2.96678
2.52343
2.97169
2.67791
3.04399
2.83656
2.68985
2.50982
2.49204
2.807
2.62982
2.68743
2.81159
2.66077
2.99085
2.35098
2.58518
2.4859
2.77648
2.86215
2.88852
2.51914
2.83619
2.80892
2.70016
2.66982
2.49717
3.15456
2.52591
2.25725
2.96034
2.89576
3.03922
2.89157
2.87532
2.90446
2.93004
3.195
3.07093
2.85922
2.78109
3.0014
2.60979
3.22433
2.54994
2.28884
2.64154
2.75932
2.78006
2.90475
3.11566
2.9234
2.8054
2.89883
3.1738
2.91363
2.53056
2.81835
3.09154
3.22792
2.63131
2.87851
2.81981
2.59742
2.81975
2.65858
3.08923
2.77947
3.0454
2.83603
2.74881
3.26483
2.79212
2.705
2.65703
3.00825
2.95997
2.55763
2.9262
2.82617
2.8324
2.89278
2.95217
2.72087
2.94002
2.94705
2.9107
2.70152
2.78856
2.81674
2.63693
2.42484
2.79104
3.00326
2.83716
2.72613
3.1257
3.11135
2.65668
2.72305
2.93251
3.01109
2.66485
3.05688
2.86482
2.81833
3.36157
2.85205
3.3799
2.99089
3.18223
3.04961
2.92157
2.87066
2.93519
2.97075
2.8139
2.92473
2.77754
3.31584
2.62118
2.77198
2.86398
2.92873
2.55188
2.9433
2.68668
2.81671
2.95891
2.98646
2.87845
2.93574
3.03427
2.75655
3.17476
2.9118
2.71719
3.40118
2.90058
2.642
2.63222
2.46685
2.52262
2.93667
2.99646
2.80793
3.07165
2.62516
2.97346
2.58544
2.77443
2.87737
2.80716
2.48524
3.06594
2.58201
2.33555
3.05082
2.46997
2.79418
2.9943
3.06972
2.92105
2.98464
2.51423
2.6958
2.87789
2.39479
3.20522
2.64485
3.43465
2.81613
2.72612
2.99518
2.62902
2.91902
3.25811
2.79362
3.03732
2.85567
3.06991
2.78132
2.75488
2.905
3.02473
2.77052
3.37788
3.05806
3.04644
2.99653
3.28518
3.26051
3.17208
2.84191
3.06427
3.34638
2.59344
3.42721
3.24198
3.00259
2.96774
2.53289
2.50432
2.75421
2.64443
2.80275
3.199
2.95552
3.06439
2.98963
2.95392
3.09124
2.88123
2.63733
2.72207
2.47101
2.48371
2.9652
3.1372
3.06037
3.08704
3.1632
2.73117
3.09492
2.69475
2.57706
3.00332
2.50225
2.6778
2.49511
3.37423
2.97721
2.50261
2.97815
2.93993
3.05684
2.68762
3.12051
2.46712
2.70052
2.60273
2.72192
3.32071
2.55822
2.85638
2.84592
2.782
3.11004
2.88441
2.46565
2.61704
2.87129
3.04279
2.77006
2.47612
2.71246
2.70731
2.76259
2.53382
2.57175
3.03058
3.1216
3.05306
2.73681
2.97469
2.57116
3.34199
3.21519
2.67177
2.95846
2.90934
2.80593
3.22217
2.85537
2.85128
2.96991
3.0214
2.88612
2.78085
2.7731
2.63171
3.16261
3.08054
2.64096
2.61393
2.70052
2.86052
3.10438
2.79442
2.40462
3.26552
2.70281
2.43087
2.55936
2.61932
2.77677
3.06334
3.04146
2.86707
2.49754
3.07293
2.99552
2.53615
3.16215
3.05502
2.8964
