29.2263
28.8641
28.5574
29.0173
28.5138
28.6186
29.0744
28.7452
28.6727
28.67
28.7254
29.1777
28.8496
28.5126
29.0154
28.7801
28.9963
28.4842
28.9771
28.573
28.8692
28.8473
28.3458
28.9915
29.011
28.8456
28.9319
28.6007
28.4826
28.78
28.6335
28.7771
28.46
28.7455
28.7538
28.6291
28.9004
28.89
28.934
28.6769
28.456
28.6094
28.939
28.608
29.2296
28.7222
28.8697
28.6262
28.5875
28.9787
28.4523
28.9328
28.6266
29.4078
28.7255
28.5341
28.6976
28.8424
28.6116
28.7248
28.7121
28.8844
28.4886
28.6043
28.3884
29.0267
29.0476
28.7227
28.6191
28.9796
28.8288
28.7435
28.7889
28.8446
29.1186
29.1115
28.3331
28.9592
28.8282
28.8573
28.926
28.3134
28.8633
28.8736
28.9239
28.6831
28.74
28.6424
28.933
29.118
28.7522
28.4765
28.7135
28.7385
28.0989
28.7566
28.6833
28.6908
28.7606
28.7868
28.6556
29.1211
29.0483
28.8817
29.2569
29.323
28.9372
28.9987
29.1662
29.1864
28.9687
28.9655
29.0244
28.8732
29.3724
29.2313
29.1858
29.2818
28.7916
28.66
28.6328
28.9081
28.9742
29.0781
29.2098
28.9722
28.6488
29.1876
29.1155
29.0813
29.2209
28.8741
29.1477
29.3965
28.7164
29.2632
29.227
29.1363
28.6474
29.2748
28.9421
29.0094
29.0722
29.2537
29.0065
28.8783
29.2975
29.1736
28.7022
29.2644
28.9378
28.9768
28.9338
29.0693
29.3897
28.9703
28.4971
28.997
29.1086
28.9254
29.1781
29.2133
29.0146
28.9736
28.73
29.5831
29.2558
29.0249
28.9492
28.9717
29.1534
29.1876
29.1781
28.9019
29.2886
29.1376
28.7321
28.9578
29.1237
28.3451
28.977
29.4026
28.7055
28.8796
28.7551
28.9252
29.1813
29.054
29.1024
29.3297
29.4706
28.9724
28.9616
28.5873
29.0991
29.1791
29.1483
28.6388
28.8392
28.9029
29.0073
29.0801
28.7765
28.9381
28.8324
29.0867
29.2268
29.2293
28.6279
29.4538
28.8734
29.2206
29.0037
29.1153
29.113
28.7406
28.5724
28.7263
29.0606
28.9706
29.218
29.1785
28.6665
28.5061
29.1027
28.7448
29.0441
28.7688
29.0251
29.5848
29.3106
29.3013
28.9745
29.3928
29.0674
29.1571
29.5495
29.2356
28.8284
28.9553
29.2915
28.837
29.2037
28.826
28.9578
28.8841
28.595
29.2837
28.4789
28.478
29.0627
29.0433
29.0657
29.0077
29.1281
29.1629
28.7792
28.8749
28.9629
29.1809
28.8706
28.9527
29.1965
29.2728
28.8707
28.8723
28.7796
28.997
28.993
29.1136
29.2462
28.9159
29.0835
28.6518
28.8214
29.0397
28.9222
29.1219
29.6329
29.167
29.1748
28.986
28.924
29.1597
29.3794
28.9694
28.7967
28.8735
29.0176
28.4891
28.605
29.3512
29.0136
29.3388
28.4123
28.2946
28.8484
28.8984
28.8456
28.2716
28.6329
29.0937
28.5622
28.6376
28.7727
28.4037
28.6336
28.843
28.7965
28.4071
28.5815
28.7193
28.4072
28.8879
28.7368
29.131
28.6873
28.5846
28.7356
28.5093
28.9208
28.6725
28.2555
28.6079
28.4463
28.5362
28.6897
28.3707
28.2413
29.3523
28.7252
28.5418
28.7511
29.0625
28.4851
28.7521
28.866
28.5537
29.1848
28.7634
28.5785
28.6263
28.8738
28.9772
28.2632
28.6955
28.499
28.7432
28.5364
28.3191
28.7774
28.6447
28.5392
28.5866
28.4829
28.5494
28.9693
28.6943
29.0246
28.7143
28.9093
28.8143
28.7621
28.466
28.3617
28.5473
28.6386
28.5691
28.6187
28.6409
28.8263
28.5335
28.2624
28.545
28.8736
28.6618
28.6348
28.4317
28.7372
28.4241
28.499
28.6456
28.4179
28.5061
28.4938
28.6958
28.8503
28.6438
28.6169
28.524
28.4299
28.5086
28.5698
28.8464
28.8424
28.6627
28.6922
28.9614
28.8845
28.6001
28.7912
28.6511
29.0985
28.7456
28.8219
28.8603
28.6514
28.5584
28.9551
29.0904
29.1367
28.6096
28.8665
28.8556
28.6021
28.9561
28.6832
28.7643
29.246
29.0209
29.0213
29.0409
28.5979
28.9112
29.1764
28.436
28.486
28.644
28.9675
29.1652
28.8454
28.8172
28.8013
29.0627
28.9005
28.8366
28.5257
28.7822
28.7572
28.5549
28.547
28.5725
28.873
28.9462
28.6344
28.9855
29.0433
28.5791
28.9337
28.6591
28.9259
28.8171
28.6104
29.0431
29.1287
28.7807
28.8581
28.7277
28.8248
28.918
29.0101
28.9217
28.9474
28.914
28.8141
29.1195
28.7171
28.4837
28.9465
28.9996
28.6658
28.5279
28.468
28.9411
28.4293
29.2843
28.9752
28.6077
28.7018
29.0249
28.8105
28.6826
28.7189
28.8881
28.6086
28.7314
28.5576
28.7957
28.2795
28.5898
28.7089
28.9633
28.8996
28.4017
28.9793
28.471
28.6939
28.5749
28.589
28.4546
28.6388
28.5174
28.5732
28.9381
29.1479
28.1433
28.7268
28.6012
28.6653
29.01
28.6646
28.8792
28.7073
28.3743
28.6156
28.5049
28.617
28.386
28.4124
28.1793
28.4028
28.6734
28.216
28.5454
28.7966
28.5759
28.5643
28.4454
28.5991
28.2772
28.3185
28.551
28.5448
28.9329
28.604
28.8145
28.4679
28.8364
28.6183
28.7919
29.179
28.8847
28.7639
28.6405
28.5126
29.0242
28.7943
28.8084
28.9008
28.4439
28.7818
28.6174
28.7356
28.9817
28.8249
29.1033
28.6342
28.801
28.7347
28.6729
28.6501
28.372
28.5021
28.584
28.7122
28.7385
28.5469
28.7728
28.8383
28.7119
28.6115
28.5709
28.5556
28.8601
28.4562
28.6184
28.7584
28.8067
28.8284
28.6126
28.572
28.8288
28.8146
28.9368
28.7266
28.5937
28.9748
28.7112
28.9367
28.775
28.9334
28.6627
28.4974
28.6338
28.6852
28.7714
28.8915
28.9409
28.8069
28.8414
29.0452
28.6137
29.0033
28.6354
28.8956
28.952
28.8075
29.1144
28.4811
28.5971
28.6003
29.0217
28.6751
28.5033
28.7805
28.8426
28.4328
28.7684
28.9084
28.6859
28.6238
28.335
28.709
28.8414
28.5476
28.7421
28.6267
29.056
28.9905
29.2077
28.3854
28.6943
28.9792
28.7634
28.9271
29.0466
28.8936
28.6715
29.0274
28.5047
28.6244
29.2057
29.0491
29.0742
28.7854
28.6712
29.0755
28.7533
28.7481
28.8844
28.6904
29.0098
28.6439
28.7809
28.4005
28.8011
29.1251
29.0508
28.7238
28.3025
29.1018
28.6225
28.8327
28.6601
28.7974
28.6923
29.3238
28.6251
28.7278
28.7375
28.7603
29.0799
29.129
28.6801
28.8036
29.1344
29.0552
28.9391
28.8861
28.982
29.2696
29.0543
28.4805
29.1226
29.0826
28.7761
28.9948
29.125
28.6859
28.736
28.7125
28.6493
28.7436
28.6104
29.2486
29.0637
28.5897
28.6091
28.7241
28.7674
28.7797
28.616
28.7943
29.1615
28.8086
28.9767
28.9166
29.4371
28.2669
29.0919
29.0483
28.7716
29.0315
28.7482
28.5537
28.8698
28.618
28.6684
29.3416
28.862
28.8667
29.2792
28.9965
28.7406
28.8537
29.0609
29.0427
28.8695
28.7269
28.8652
29.031
29.272
29.031
29.2562
29.0841
29.0893
29.0019
29.1472
29.1373
28.8016
28.9372
28.9156
28.8587
28.8659
28.9195
28.6637
28.506
29.1573
28.9174
29.0124
29.0573
28.53
28.6767
28.768
29.0994
29.0723
28.9641
28.9869
29.1946
28.9377
29.3082
28.9181
28.7279
28.6934
28.7175
28.8101
28.9438
29.0611
29.0694
28.9599
28.8518
28.8869
29.1828
28.9552
29.1998
28.6668
29.0356
28.8796
29.0686
29.2686
29.0166
29.3041
29.4237
28.8171
28.9593
29.0507
29.0456
28.828
28.9596
29.254
29.1199
29.1636
28.9474
29.0084
29.0142
29.2182
28.2818
29.0741
29.3137
28.9873
29.128
29.232
29.1879
29.3833
28.8433
28.6159
29.1156
28.823
28.8061
28.4981
28.9391
28.6241
29.138
28.8579
28.6561
29.2021
29.3562
28.9401
28.7846
29.041
28.8557
29.0172
29.0047
28.9395
29.2303
28.9753
29.0599
28.6186
28.8995
29.111
29.1952
28.6886
29.2253
29.159
28.725
28.9524
29.0402
28.8531
28.771
28.7436
28.5284
29.1
28.798
29.0216
28.6301
28.9155
28.9488
28.6315
28.9254
29.2309
28.9397
28.5975
29.088
28.9027
28.8958
28.7121
28.5951
28.5469
28.8466
28.7771
28.7121
29.1527
28.6599
28.7362
28.8035
28.4257
28.7478
28.1735
28.8391
28.8677
28.9136
28.9454
28.5934
28.3316
28.6345
28.8143
28.9119
28.5924
28.7191
29.085
28.4762
28.6765
28.5261
28.7841
28.765
28.5788
28.5754
28.7845
28.5538
28.8604
28.8752
28.5649
29.2097
28.596
28.5699
28.4291
28.6105
28.683
28.8669
28.3097
28.5284
28.795
28.7251
28.7673
28.3439
28.5692
28.6054
28.6929
28.4921
28.4132
28.4387
28.6302
28.5374
29.0747
29.2094
28.733
28.767
28.554
28.4797
28.7947
28.3029
28.6498
28.9073
28.3914
28.75
29.2823
28.5226
28.3368
28.7272
28.6875
28.613
28.7705
28.5221
28.5488
28.9593
28.8419
28.89
28.7776
28.7724
28.7511
28.6533
29.0025
28.9072
28.1721
28.649
29.2163
29.2874
29.0213
28.6908
29.206
28.8461
28.8082
29.1995
29.0682
29.0839
28.7301
28.655
28.8484
28.8652
28.8477
28.7055
28.7595
28.719
28.5117
29.0673
28.9349
29.2579
29.2187
28.7807
29.2853
28.5913
28.6384
28.9908
29.2636
28.7643
28.9597
28.9764
29.153
28.7617
28.9409
28.9141
28.7273
28.8968
28.6949
28.3808
29.0745
28.9349
28.8964
28.2964
28.9604
29.0986
29.0222
28.6543
28.7361
29.1692
29.234
29.2354
28.8698
28.7026
28.5189
29.0678
29.1747
28.8596
29.2815
28.7483
28.8359
28.6247
29.1124
29.1921
28.8619
28.923
29.3061
28.531
28.5346
28.6209
28.6957
28.9309
28.5215
29.1739
28.6531
28.7502
28.8993
28.6457
28.5518
28.9209
29.0164
28.959
29.412
28.8504
28.4684
28.876
28.7739
29.4455
28.7993
28.9366
28.806
28.8044
29.0455
28.9446
29.248
29.1238
29.3001
28.7694
28.9601
28.6498
29.0341
28.8363
28.7729
28.9713
28.6608
28.5336
28.4027
29.5057
28.9658
28.7686
28.8763
29.4915
28.8693
28.8236
28.4806
29.1264
29.1483
29.2173
28.6247
28.6997
28.878
28.8088
28.9765
28.9481
29.0123
29.1765
28.9725
28.7035
28.7955
28.5337
28.8316
28.5925
28.5835
28.7486
28.9259
28.8823
28.6748
29.3272
28.8102
28.6922
29.0874
28.7078
29.1045
29.3932
28.2693
28.955
29.1012
28.6289
28.6573
29.0844
28.8263
29.1407
29.1593
28.824
28.7284
28.5651
28.7309
28.8653
28.7241
28.5033
29.2349
29.253
29.3727
28.2657
28.5747
29.0033
28.8885
29.0255
28.8094
28.4084
28.7004
28.6776
28.915
28.7697
28.7764
28.7771
28.8125
28.8351
28.8735
28.9172
29.2091
28.9851
29.0926
29.1242
29.1393
28.9914
28.3979
29.1521
28.8849
29.4599
28.6835
28.9699
28.7643
28.831
28.9546
28.8341
28.9897
28.9122
28.8523
28.8648
28.5385
28.6643
28.7086
29.2219
29.0776
28.8004
29.3069
29.1897
28.9763
29.3426
29.0544
29.1547
29.0183
29.1274
28.9026
28.5855
28.9625
28.8679
28.8479
28.842
28.9786
29.1436
28.6553
28.8988
28.5814
28.5453
28.6523
29.4025
28.8909
28.8802
28.6528
28.7751
29.0424
28.8098
29.0533
29.0959
29.1347
28.849
28.4308
29.013
29.5433
29.2383
28.9902
28.5749
28.9851
28.8786
29.215
28.749
29.08
28.863
28.5888
28.7373
28.9533
28.8855
29.1216
28.8376
29.2855
28.7136
29.1532
28.8326
29.3587
28.7885
28.8198
28.913
28.247
28.7242
28.5839
28.5385
28.807
28.8916
28.5943
28.7952
28.2776
28.7955
29.1415
28.7789
28.5938
28.6088
28.8308
28.4737
29.079
29.0225
28.6668
28.6734
28.7727
28.9478
28.8228
28.5816
28.9216
29.1789
28.6356
28.1017
28.6788
28.9589
28.6343
28.3566
28.6838
28.7343
28.3569
28.5992
28.4512
28.754
28.7521
28.6038
28.4037
28.8886
28.7875
28.7369
28.3338
28.888
28.3748
28.6291
29.0751
28.7965
29.0649
28.5296
28.8261
28.6052
28.502
29.004
28.9763
29.0663
28.7839
28.5952
29.468
28.7734
28.6361
28.9486
29.0296
28.3866
28.7035
28.7503
28.3315
28.6968
29.0821
28.737
28.5879
28.5037
28.7454
28.7824
28.7134
28.7681
28.7888
28.2964
28.8993
28.8684
28.6672
28.6851
28.6529
28.8099
28.9467
29.0496
28.6422
28.4799
28.9638
28.8345
28.6079
28.6373
28.8297
29.0556
28.9263
28.6022
28.8094
28.2034
28.3939
28.8274
28.5108
28.9049
28.6072
28.7155
29.1227
28.5629
28.9308
28.9748
28.9461
28.946
28.3024
28.9347
28.7407
28.9299
28.9778
28.5998
28.7965
28.9507
28.508
28.7349
28.6526
28.4325
28.9678
28.7634
28.8252
28.5854
28.8846
28.9016
28.7363
28.8297
28.7713
28.6187
29.0058
28.6285
28.5979
29.3612
29.0346
28.7076
28.7567
28.4135
28.8038
28.6209
28.771
28.9289
28.499
28.7439
28.6407
28.81
28.6227
29.0891
29.0368
28.3177
28.4994
28.8929
28.657
28.6973
28.5914
28.5807
28.5724
28.3688
28.752
28.2594
28.5153
29.0343
28.5449
28.7435
28.6086
28.7771
28.6822
29.104
29.2494
28.4796
28.6265
29.0481
29.0666
28.7964
28.7042
28.6183
29.0177
28.5379
29.0634
28.7541
28.849
28.8672
28.7373
29.0957
28.9689
28.7837
29.0586
29.0237
29.1372
29.1785
29.3436
29.0176
28.5069
29.0766
29.0645
28.7118
28.8602
28.9322
28.821
29.1283
28.8311
28.5804
28.9057
29.1056
28.8487
28.2763
28.7451
28.7424
29.1588
28.9249
29.0757
29.1858
28.8703
28.8618
28.9272
28.9204
28.932
29.0849
28.7788
28.9728
29.1248
28.8866
29.0123
28.6296
28.78
28.4701
28.5662
28.7635
28.8174
28.9249
28.8762
28.9516
28.6291
28.7588
28.8874
29.2241
28.775
28.8728
28.8258
29.1162
29.0126
28.9634
28.6691
28.8158
28.5478
28.9268
28.8765
28.7567
29.0349
29.0136
28.748
28.9601
29.4476
29.5222
28.7942
28.9097
28.3201
29.3613
29.2834
29.0719
29.1304
28.9332
28.7099
28.6803
29.2435
28.9173
28.9172
28.7306
28.82
29.0743
28.9789
29.1781
28.778
28.9163
28.907
28.4953
29.2562
29.1675
29.1659
28.9975
28.9732
29.0467
29.1326
28.9662
28.8328
28.718
28.7374
28.7247
29.1867
29.0964
29.4004
28.5276
28.8073
28.9183
29.4007
28.906
29.0725
29.1373
29.3617
28.7325
29.1261
29.0452
29.4243
29.4365
29.2714
28.6866
28.6164
28.9965
29.1178
28.9791
29.3442
28.6947
29.026
28.4816
29.1091
29.2509
28.6387
28.908
28.8038
28.4494
28.7633
29.0356
28.8874
29.2119
29.2519
28.9939
28.8187
29.0988
29.1337
28.5332
28.8549
28.9157
29.292
29.0276
29.0399
28.8002
29.0998
29.1295
28.8203
29.0263
28.9153
29.1611
28.5945
28.8767
28.6633
28.7141
29.1692
28.8827
29.0158
28.6567
29.4713
29.0977
28.9835
28.8893
28.8401
29.0581
28.7641
28.6149
29.0287
29.4285
28.909
29.0061
29.0096
28.7354
28.902
28.8452
28.5884
29.0168
29.0446
28.9328
28.5258
28.899
29.1352
29.0445
28.7482
28.8696
28.843
29.2092
29.1041
28.8504
28.9114
28.9834
29.2172
29.0916
28.603
29.3129
29.311
29.1748
29.0613
28.871
29.2356
28.8477
29.0599
29.1523
29.1964
29.1991
29.2243
28.9701
28.6057
28.9321
29.266
28.7056
28.8784
28.8215
28.9283
29.0158
28.9895
28.9208
28.9531
28.8503
28.9616
28.9723
29.0106
28.8396
28.9344
29.0093
28.7178
29.1063
28.6527
28.5986
28.8648
29.0907
28.8924
28.8274
28.7693
28.9338
28.5668
28.6634
28.9317
28.6425
28.5044
28.5669
28.9321
28.9376
28.6167
28.5452
28.8928
28.805
28.4932
28.7104
28.9876
29.0527
29.0018
28.4271
29.3177
29.0954
29.0394
28.779
28.7975
28.4107
28.5111
28.6099
28.9199
28.6593
28.7244
28.9354
28.9082
29.1115
29.45
28.9808
28.9383
28.5087
28.8431
28.6938
28.5542
28.5132
28.6157
28.6546
28.8862
29.0005
28.6989
28.8522
28.9785
28.7348
28.805
29.1179
29.0982
29.0263
28.8864
28.3907
28.9361
28.6917
28.8185
28.6991
28.9718
28.817
28.891
28.8738
28.9481
29.0081
28.4422
29.0094
28.9249
29.0365
29.0225
28.9904
29.1535
29.2104
29.1235
28.8107
29.1505
29.4399
29.2549
28.9536
29.053
29.2374
28.9141
29.2751
29.1676
28.9557
28.9215
29.2227
29.051
28.9754
28.9321
29.0682
29.3411
29.4044
28.6352
29.4177
29.2582
28.8559
29.4503
28.7941
29.0316
29.2825
29.1383
29.0317
29.135
28.8931
28.8713
29.0212
28.9377
29.3295
29.3242
29.012
29.2327
29.0471
28.897
29.0532
29.4137
28.6186
28.815
28.7631
29.0793
29.0601
29.8951
29.2272
29.185
29.3397
29.3424
29.163
29.0914
28.5728
29.2071
28.5912
28.7329
29.1121
29.0848
28.8967
29.2022
29.1676
29.0376
29.0668
28.8233
29.044
28.7131
28.9705
28.8387
28.8268
28.7789
28.9553
29.1274
29.0832
29.0585
29.3629
29.2409
28.8366
29.0013
29.183
28.9659
28.9231
28.6117
29.0027
28.6534
28.8082
28.8555
28.583
28.8211
28.7329
28.9545
29.1146
29.1212
28.8756
28.9156
28.6653
28.7961
29.0535
28.8328
29.0932
28.6065
29.0368
28.841
29.0747
29.0676
29.0338
28.5263
28.9149
28.7144
28.7445
28.8139
28.7619
28.8625
29.1188
28.9048
28.9183
28.865
29.0817
28.8753
29.3585
28.8421
28.6192
28.8763
28.6937
28.8406
29.2247
29.0866
29.2939
28.6334
28.9029
29.0469
29.1552
29.2803
28.977
28.8474
28.7902
28.9135
28.8021
27.739
29.0791
28.9166
28.6717
28.7896
28.8218
28.4477
28.9013
28.749
28.6709
28.8643
28.9167
28.5765
28.6859
28.8469
28.7919
28.6699
28.5672
28.4679
28.8882
28.7439
28.8274
28.8982
29.0147
29.1721
28.8762
29.0863
28.7005
29.0476
28.8238
28.9258
29.0714
28.9411
28.5987
28.9339
28.7837
29.3067
28.5522
28.8866
28.957
28.4514
28.6425
29.0432
28.7913
28.994
28.7577
28.8314
28.7112
28.5816
28.5452
29.105
28.8628
28.9431
28.7829
28.5475
28.4621
29.0393
28.9786
28.6318
29.1284
28.8715
28.3873
28.9035
28.8373
28.8381
29.0517
28.8809
29.0998
29.1351
29.4211
29.3518
29.1809
28.8956
28.9413
29.0082
29.0261
29.1445
28.4711
28.3476
29.1459
28.3978
28.5995
29.0231
28.6436
28.5696
28.8687
29.219
28.8165
28.619
29.0268
28.8298
28.8363
28.6965
28.5808
28.6529
29.033
28.6369
28.5066
28.7049
28.3729
28.5628
28.2607
28.6811
28.2779
28.6844
28.9459
29.0283
28.7248
28.7975
28.7491
28.2553
28.615
28.6622
28.8605
28.6528
28.829
28.605
28.6564
28.4966
28.7761
28.68
28.5653
28.2132
28.6458
28.5574
28.3955
28.6917
28.785
28.7409
28.4571
28.8416
28.6279
28.7307
28.6046
28.8091
28.5092
28.6588
28.3543
28.269
29.0184
28.7267
28.4665
29.0488
28.3759
28.7578
28.4529
28.6367
29.0459
28.7115
28.723
28.3778
28.6151
28.5402
28.7241
28.7949
28.1233
28.4408
28.5909
28.6476
28.6265
28.3686
29.0141
28.9222
28.4737
28.5107
28.2816
28.4749
28.4392
28.7556
28.712
28.2224
28.9486
28.4817
28.7106
29.1847
28.0952
29.127
29.1554
28.6274
29.1485
29.3371
28.9998
28.9117
29.0672
28.9893
28.9173
28.9401
29.118
28.7373
28.4552
28.9381
28.9981
28.8203
28.5666
28.9023
28.6306
28.5316
29.2465
28.8097
28.5292
28.7849
28.6977
28.607
29.0315
28.7512
28.6924
28.6735
29.2126
28.7929
28.786
28.9678
28.8622
29.0154
28.8675
28.6636
29.0376
28.8385
28.9581
29.5544
29.1602
28.6887
28.7565
29.1256
29.1264
28.9113
28.956
29.0362
28.828
28.5538
29.1157
28.5481
28.3924
29.2832
29.0453
28.9381
29.1351
28.5859
28.9157
28.7043
28.7802
29.0145
29.1298
29.1527
29.0252
28.9471
28.9187
28.8718
28.7904
29.1294
29.3039
29.089
29.0798
28.3855
28.5056
29.1747
28.9728
29.0025
28.4874
28.8212
29.0917
28.9595
28.7673
28.7979
28.8479
29.0341
29.2405
28.5675
28.8324
28.6937
29.1803
28.9693
29.0547
28.7729
28.9785
28.82
28.8289
29.2355
28.5511
28.8873
28.9253
28.8252
29.0855
28.9738
29.0633
28.6193
28.9855
28.8237
29.3759
28.6164
28.7229
29.0295
29.1821
28.9906
29.049
29.1216
29.0627
28.7221
29.1517
28.9675
29.0944
29.1258
28.8001
28.7169
28.7951
28.9768
28.8902
28.7981
28.9093
29.1904
28.7155
29.3624
28.942
28.9721
29.0054
28.932
28.8499
28.8081
28.9411
29.1159
29.1105
29.2061
28.8328
28.8496
29.1707
28.6902
28.4736
29.2222
28.7115
29.296
28.9267
29.1653
28.9869
29.588
29.4604
28.8883
28.5038
28.7112
29.4591
29.2174
28.4312
29.0294
29.0447
28.3894
29.3397
29.1281
28.8282
28.9746
28.9681
29.2586
28.6009
28.7829
28.7151
29.0581
28.6244
29.0122
29.2827
28.8435
28.6189
28.8439
29.3207
29.3957
29.0946
28.7838
28.4664
29.0046
29.4223
28.9727
29.0359
28.8642
28.7822
29.0579
29.25
29.0295
29.2107
28.6302
29.196
29.3442
28.71
29.1661
29.0859
28.8503
28.5937
29.1952
28.9726
28.9046
28.843
29.031
29.0456
29.4997
29.2852
29.1895
29.0179
29.283
28.6001
29.3491
29.0149
28.8772
28.7921
28.8089
28.5403
28.4543
29.1592
28.945
28.9936
28.8266
28.9402
28.9038
28.9819
28.549
28.6499
28.5599
28.4622
28.6097
29.2491
29.3135
28.5812
28.9127
28.9388
28.7347
28.9204
28.6839
28.7343
28.6354
28.4722
28.8574
28.8712
28.5463
28.7146
28.9335
28.3779
28.8556
28.5087
28.8588
28.6421
28.8333
28.6267
28.7406
28.86
28.8803
28.8891
28.9246
28.4595
29.109
28.9352
29.095
29.175
28.7743
28.8955
28.724
28.924
28.5984
28.8
28.7098
28.5159
29.1129
28.9942
28.799
28.8828
29.0339
28.892
28.8947
29.1125
28.7215
28.988
28.5524
29.4155
28.8139
28.8817
29.0652
28.8389
28.6477
28.8028
28.8291
28.7921
28.5851
28.8526
28.8799
28.916
29.0114
28.8472
28.8461
28.8233
28.8522
29.3333
29.2001
28.9611
29.1918
28.9575
29.1695
28.9846
28.9007
28.9453
28.8201
28.7907
29.0537
28.8116
28.8782
28.9622
28.6238
29.0239
28.4791
28.5951
28.5611
29.0012
28.8102
28.7898
28.4188
29.086
28.9467
28.8169
29.1571
28.8953
29.5445
29.1155
29.3436
29.0074
28.6215
28.8349
28.744
28.8429
28.8679
28.8478
28.7442
28.8383
28.8274
28.611
29.0887
29.0783
28.9924
28.7729
28.7529
28.6225
29.0862
29.174
29.0103
28.7618
28.526
28.8506
28.7823
29.0434
28.8654
28.7164
28.6732
28.3968
28.5685
28.8986
28.9287
28.2902
29.0107
28.5414
28.892
28.8705
28.6769
28.8881
28.8335
28.9279
28.5335
28.7094
29.3152
28.9939
28.7649
28.8241
28.6524
28.8466
28.5001
28.3773
28.7779
28.9337
28.5261
28.5006
28.67
28.5976
28.7299
28.7497
29.113
28.5069
28.4898
28.7925
28.5063
28.9814
28.9688
29.0117
28.9742
29.013
28.599
29.2958
28.723
28.6302
28.8442
28.6006
29.0915
28.8655
29.075
28.5257
28.5955
28.93
28.2168
28.9278
29.1619
28.6022
28.4565
28.4831
28.5867
28.8172
28.724
29.0131
28.5538
28.3198
28.6317
28.8153
28.83
28.9951
28.6482
28.8055
28.7572
28.5651
28.6642
28.6366
28.8854
28.7997
28.6507
28.7533
28.884
28.8099
28.9899
28.5998
28.5526
28.9659
28.7147
28.6192
29.0362
28.6714
28.9704
28.8558
28.3715
28.5791
28.5443
28.4696
28.5026
28.8451
28.6164
28.5357
28.5927
28.5939
28.9895
28.6667
28.543
28.7551
28.4126
28.6475
28.6475
28.8876
28.8162
29.0174
28.73
28.6273
28.8257
28.9733
28.7374
28.9539
28.8208
29.1759
28.2747
28.5585
28.6207
28.1002
28.3117
28.7446
28.6943
28.6347
28.5278
28.2676
28.5709
28.533
29.1498
28.5128
28.7314
28.7484
28.7034
28.4994
28.8417
29.0533
29.0737
28.4704
28.9477
28.8994
29.0142
28.8303
28.6071
29.057
29.0149
29.1336
29.1253
28.6975
28.1828
28.7687
29.5009
28.8285
28.8522
28.8523
29.011
29.1072
28.6467
28.8653
29.2597
29.2073
28.8663
28.7071
28.8068
28.8802
29.0624
28.9285
28.639
28.5748
29.1184
28.9243
29.0012
28.5622
28.864
29.5462
28.947
28.702
29.0414
29.2702
28.8198
28.5786
28.4253
29.2402
29.2474
29.0021
28.5283
28.9719
28.7656
28.911
29.2188
28.7918
28.5397
28.8926
28.5608
28.9112
28.5192
28.9706
28.7152
29.1906
29.1871
29.1913
28.6764
28.8703
28.9275
29.3891
29.3819
29.0448
28.7136
28.8972
29.0531
29.1049
28.7174
28.9846
28.6959
28.8867
28.8144
29.336
29.0225
29.1741
29.0135
28.6832
29.0453
28.8024
29.1212
29.2384
28.8404
28.7914
28.3797
28.7949
29.075
28.7893
28.866
29.1074
29.1116
29.1393
28.7655
28.8211
28.9736
28.891
28.9609
28.4677
29.0057
28.8325
28.8403
29.0138
29.3424
28.7294
29.3547
28.5729
29.1021
29.4338
29.0163
28.9543
29.0023
28.4112
28.822
28.857
29.3047
28.6631
28.9396
28.9624
28.7985
28.5272
29.1222
29.1089
29.0711
29.3198
28.5982
28.3653
28.9261
28.8466
28.644
28.9037
28.9091
29.0401
28.8424
28.8657
29.3203
29.32
28.9418
28.8774
28.9902
28.9817
28.6463
28.719
28.9112
28.8599
28.4908
29.0141
28.8887
28.8933
28.823
28.7976
28.8894
28.8854
28.4765
28.4635
28.5946
28.8047
28.7206
28.9991
28.365
28.9412
29.0299
29.1159
29.0148
29.1971
28.7269
28.7909
29.0224
28.7321
29.1131
29.1797
28.5785
29.2724
28.5446
28.9624
29.0291
28.916
28.9036
28.8805
28.7123
28.8088
28.8446
28.8328
28.6104
29.0994
29.2181
28.6779
28.5601
29.024
28.4619
28.7826
28.483
28.9196
28.7312
28.9186
29.3917
28.9443
29.2302
29.176
28.8186
28.6392
28.597
28.872
28.7164
29.2817
28.7211
29.0437
28.3649
28.3609
28.8536
28.9494
28.8709
28.8542
28.9232
28.7359
28.9342
28.6062
28.5761
28.9807
28.9351
28.6437
28.7444
29.1146
28.8591
29.1224
28.9897
29.0811
28.8933
28.7608
28.8961
28.7255
28.7007
28.9165
29.1559
29.3395
28.9397
29.0739
29.0498
29.0792
29.0636
28.7894
29.0294
28.7199
28.8383
28.8397
29.4878
28.5417
28.9552
28.7336
28.2514
28.5859
28.8118
28.4239
28.6238
28.5525
28.7802
28.7884
28.7543
28.9609
29.0929
28.8525
28.8892
28.8423
28.9985
29.0492
28.9208
28.8749
29.0809
29.1865
29.0955
28.9171
28.5423
28.9419
28.8917
29.3741
29.2255
28.998
28.8924
28.7515
29.0912
29.2198
29.1655
28.8054
29.0095
28.7295
28.637
28.6925
28.9189
28.8636
29.0593
28.5859
29.1698
29.2772
28.7784
29.212
29.3191
28.7103
28.8889
29.135
29.173
29.195
29.0536
28.9168
29.1185
28.7556
29.3174
29.0991
28.948
29.1928
29.1423
28.5911
28.4153
28.701
29.007
28.4759
28.9027
28.7841
28.6479
28.7004
28.8099
28.5983
28.9559
29.0771
28.7986
28.9139
28.8532
28.8968
28.9002
28.9028
28.7118
28.9787
28.9542
29.4819
28.775
28.8366
29.172
29.0123
28.8438
28.7208
28.9057
28.4813
29.508
29.1471
29.1153
28.9914
28.5764
28.9055
28.7804
29.0095
29.2134
28.5093
28.6871
28.7316
28.8865
29.0976
29.0809
29.3712
29.3182
29.0071
29.185
28.9368
29.0187
29.2002
29.0711
29.1684
29.4257
28.8149
29.025
28.8922
29.0195
29.3333
29.1155
28.8376
29.2255
28.7966
28.711
28.7079
28.8807
28.1574
28.5501
29.1183
28.8652
29.1892
29.0814
29.1924
28.7616
28.8852
28.7629
29.1227
28.8557
28.6275
28.9939
29.1269
29.1697
28.8533
28.6106
28.889
29.1354
29.0938
29.1425
28.892
28.7999
29.5155
28.9071
29.1182
28.8176
28.5137
29.2848
28.6924
28.8402
28.7546
29.3837
28.8041
28.7695
28.6925
29.2928
29.0349
29.3886
28.8895
28.9903
29.1932
29.6479
29.1077
29.1049
28.8756
28.9858
28.9749
28.444
28.8125
29.456
29.0686
28.8019
29.178
28.9226
29.083
29.0048
28.7354
29.109
28.9743
29.0376
28.8495
28.5707
29.182
28.7802
28.8886
28.9199
29.0036
28.5751
28.6387
29.1549
28.8617
29.0546
28.9841
29.0777
29.0896
29.1414
28.9277
28.9158
28.8519
28.4537
28.8888
28.7211
28.9023
29.1959
28.8501
28.676
29.1267
28.7243
28.3381
29.145
28.9284
28.9415
28.3403
29.0606
28.8614
28.4741
28.361
29.0652
29.1021
28.9503
28.9461
28.5169
28.759
29.0325
28.9594
28.529
28.9737
29.0773
28.8888
28.7232
29.0967
29.2176
28.8687
28.8648
28.9115
29.134
28.8229
29.0819
28.6975
28.8511
28.8477
28.8891
28.9718
28.5432
28.6542
28.6941
29.0805
28.8957
28.965
28.99
29.0191
28.9437
28.5698
28.8451
28.8234
28.9667
28.779
28.7629
28.9225
28.5808
28.9135
29.0046
28.6648
28.3625
28.9241
29.0298
28.4622
29.3047
29.5646
28.9795
29.213
28.8301
29.0631
28.7646
29.0495
28.7706
28.7636
29.1719
29.0899
28.7787
28.9314
28.3422
28.521
29.1988
28.8242
29.2626
29.0573
28.7709
28.9989
28.8621
28.7923
28.7406
28.972
28.7614
28.7382
29.0638
29.0663
28.7566
28.8919
28.8861
28.1383
29.0134
29.0586
28.9657
28.531
28.9014
28.609
28.7816
29.0258
28.6941
29.1581
29.2006
28.9117
28.7054
28.8611
28.7358
29.1657
28.9201
28.9454
29.1285
28.2545
28.8171
28.7426
28.8946
28.7558
29.1612
28.9328
28.8929
28.7267
28.9767
29.0345
28.9799
29.1417
28.9866
29.2341
28.8805
29.0038
29.037
28.7581
29.137
29.06
29.3122
29.3075
28.9466
28.8978
29.1404
28.9744
28.8693
29.3089
29.3066
28.9413
29.1511
29.2439
29.2652
28.7949
28.906
29.2219
29.19
29.2329
29.4132
28.9799
29.0756
28.9857
29.124
28.7816
28.99
29.0791
29.1816
28.7767
29.1654
28.7118
28.9847
29.2988
29.0446
29.1955
29.1312
29.0807
29.1167
29.3162
28.9723
28.8217
28.7563
28.4376
28.644
29.2307
28.8337
28.9416
28.5774
28.362
29.0034
28.6149
28.4763
28.7134
28.99
28.7157
28.5378
28.7419
29.2132
29.3191
29.0526
28.862
28.6561
29.051
28.816
28.8781
28.3643
28.778
29.01
28.7127
29.0317
28.8615
28.8218
28.7044
28.8028
28.6843
29.0789
28.9147
28.985
28.7119
28.8747
28.5954
29.4286
28.9554
28.6821
28.7036
28.7885
28.6689
29.0262
28.8828
28.6395
28.5303
28.7701
28.7338
29.0622
28.8279
29.0999
28.75
28.555
28.8847
28.8963
28.6302
28.9754
29.2669
28.448
28.9913
28.7894
28.3127
28.7918
28.4506
28.491
28.4897
28.1901
28.514
27.9927
28.7505
28.5531
28.8908
28.7692
28.337
28.7072
28.8822
28.6931
28.855
28.5726
28.711
28.8114
28.8038
28.5638
28.5183
28.9335
28.783
28.5062
28.4317
29.2316
28.7243
28.7546
28.8918
29.0028
28.6335
28.516
28.8557
28.3175
28.5954
28.6482
28.8463
28.3417
28.4851
28.6629
28.3285
28.7752
28.6493
28.4755
28.6237
29.1605
28.5469
28.6733
28.6089
28.6372
28.7699
29.1263
28.9877
28.9836
28.8597
28.5693
28.9429
29.0845
28.8325
29.1502
28.9421
28.7661
28.5124
29.107
28.9748
29.1574
28.9577
28.9683
28.8996
28.9613
28.8379
29.1832
28.6565
28.7898
28.7145
28.8463
28.5967
29.0357
28.99
28.9042
28.9367
28.9914
29.2511
29.2338
28.7684
29.0714
28.7898
28.5323
28.8817
28.6219
28.6825
29.0572
28.9535
29.0723
28.7243
28.7927
28.4949
28.9792
29.0436
28.7526
29.205
28.924
29.0442
28.6926
28.8237
29.1038
28.6055
29.0746
28.8713
29.1388
29.1156
28.5399
29.1485
28.8075
29.2531
28.8962
29.0367
28.9972
28.7945
28.8672
28.9853
29.0561
28.6149
28.9564
29.1798
28.779
28.9768
29.5198
28.9348
28.8147
29.0297
29.2357
28.7293
29.3617
28.752
29.2994
28.8494
29.3121
29.141
29.1137
29.1216
29.004
28.6797
28.7635
28.8453
29.0371
28.4744
29.1167
28.7324
28.72
29.07
28.8905
28.9194
29.0607
28.9819
29.4721
28.8212
29.0616
28.9083
29.2918
28.7341
29.3261
28.5412
29.0247
29.1396
28.7595
28.5319
29.0787
29.1153
28.2654
28.5718
28.6345
28.7017
28.7164
28.4881
28.4302
29.1068
29.1267
28.903
28.6342
28.7553
28.4368
29.3591
28.5447
28.5122
28.862
29.1152
28.78
28.6866
28.9976
29.1937
28.4598
28.8476
28.9247
29.049
28.7692
28.5823
28.8804
28.7995
28.9503
28.805
28.4974
28.6576
28.4666
28.6372
28.7074
28.6949
28.8484
28.7372
28.5843
28.9664
28.9283
28.7782
28.8191
28.6046
28.4515
28.6931
28.3811
28.6316
28.7544
28.6925
28.993
28.937
28.4617
28.4953
28.5742
28.843
28.8736
28.9884
29.0207
28.9761
28.5118
28.9552
28.7043
28.8641
28.8912
29.0464
28.7637
28.8213
28.575
28.862
29.046
29.2523
29.0567
29.1561
28.8352
28.9931
29.1545
28.628
28.6203
28.8941
29.1534
28.6516
29.1083
28.615
29.0602
29.0057
28.9721
28.7993
28.9606
28.4047
29.1908
28.5849
29.0814
28.7584
28.8069
28.9012
29.1473
28.7008
29.1557
28.8043
28.755
29.1495
28.5788
29.0402
28.7612
29.0677
28.8705
28.8823
28.9737
28.8274
28.8866
28.7099
29.0747
28.7384
29.1207
29.0008
28.8971
28.9841
28.9908
28.9423
28.6619
28.664
28.6258
29.0042
29.1618
28.7218
29.2827
28.6195
29.3887
29.2704
28.472
28.9381
29.301
28.7009
28.3952
28.7853
29.0427
28.8395
28.8038
29.0071
29.0027
28.5314
28.5886
28.8868
28.7168
28.7484
28.7164
28.8235
28.7651
29.2053
28.6906
29.1318
28.8746
28.995
29.037
28.7303
28.8513
28.4472
28.8788
28.6642
28.7221
28.2752
29.1586
29.0247
28.7936
28.9504
28.5702
28.7825
29.1851
28.7595
28.8649
28.7035
28.8248
28.8137
29.0821
28.8023
28.6649
28.9308
28.8831
29.182
28.6088
28.9254
28.5122
29.0748
28.5571
28.677
28.4991
28.9481
28.8621
29.057
28.7817
28.9523
28.8188
28.8588
28.2731
29.1005
28.8506
28.8756
28.4389
28.7915
28.6713
29.1975
28.5747
28.9705
29.0215
28.8212
29.1132
28.9329
29.1188
28.9448
28.7498
28.8222
28.6683
28.3818
28.919
29.2411
28.8472
29.1621
28.7043
29.1532
29.1124
28.8358
29.1999
28.7714
28.8082
29.0258
28.7985
29.1588
28.9405
29.1806
28.8583
29.0951
29.4001
29.2408
29.1799
29.1842
29.1877
28.6647
28.8385
29.1534
28.8948
28.9239
28.9337
29.0819
28.8696
28.8286
29.165
29.042
29.1658
28.5691
29.0638
28.7013
29.1523
28.8034
29.0975
28.8805
28.9435
29.0838
28.7715
28.6931
28.3708
28.8898
28.2876
28.731
28.8385
28.4398
28.864
28.5271
28.8807
29.0755
28.7297
29.0137
28.3576
28.7405
29.2495
28.9467
28.3935
29.3978
28.9737
28.7758
28.8651
28.9516
29.2157
28.6738
28.893
28.6512
29.1168
28.7082
28.7576
28.6794
28.6576
28.3873
28.8097
28.9307
28.6416
28.3985
28.8661
28.7275
28.451
28.5167
28.4383
28.608
28.733
28.5476
28.7148
28.7876
28.7807
28.832
28.6268
28.4138
28.746
28.7254
28.3942
28.6655
28.7411
29.1839
28.526
28.9447
28.7987
28.74
29.1699
28.904
28.6717
28.7391
28.1163
28.8558
28.8301
29.0895
28.9165
28.9904
28.6797
28.6928
28.905
28.9256
28.8387
28.2808
28.4965
28.875
28.6134
28.3803
28.7768
28.8875
28.5561
28.5899
28.1212
28.7903
28.5375
28.6509
28.7377
28.7085
28.6213
28.8562
28.6122
28.5526
28.8718
28.9002
29.104
28.5155
28.5357
28.6148
28.864
28.6668
28.5749
28.6791
28.6153
28.4806
28.8495
28.6767
28.9862
28.5458
28.8878
28.9781
28.6614
28.6185
29.1489
28.7853
29.313
28.5883
28.8305
29.0866
28.6383
28.651
28.7514
28.7489
28.737
28.6867
28.8342
28.2055
28.4416
28.7867
29.3601
28.816
28.8392
28.7966
28.7633
28.9345
28.6927
28.4783
28.7964
28.8574
29.0042
28.9944
28.6758
28.8596
29.1113
28.9263
28.911
28.6683
28.9323
28.9887
28.8904
28.6959
29.2285
28.8396
28.5917
29.3741
28.9377
28.7513
29.0792
29.1157
28.7794
29.3005
29.1098
29.1719
28.6503
28.6729
29.3412
28.7914
28.6537
29.1002
28.8294
29.0017
29.03
28.578
28.6653
28.8335
28.9861
28.9248
28.4754
28.257
29.0155
29.0591
28.9752
28.6793
28.95
28.5097
29.056
28.7925
28.8651
28.8222
29.1632
28.8481
28.7294
28.8051
28.474
28.8122
28.378
28.6204
28.8912
29.0247
29.1324
29.0214
28.6886
28.6354
28.6459
28.5914
28.7234
29.0608
29.2257
29.0025
28.6102
28.7169
29.0049
29.0319
28.679
28.7561
28.6646
28.8417
28.4425
28.5883
28.6687
28.9061
29.0619
28.5754
28.8391
28.6708
28.5927
28.9496
28.6509
28.8107
29.0547
28.926
28.9362
28.679
28.9799
28.8082
28.6924
28.6716
28.7188
28.8095
29.1607
28.507
28.6788
29.2216
28.8463
28.6367
28.7464
28.7141
28.889
29.0057
28.7232
28.8053
28.9503
28.8693
28.8516
28.3128
28.6499
29.0631
28.7986
28.8308
29.0152
28.572
28.8787
28.9345
28.7978
28.5001
28.6103
29.2666
28.6187
28.7125
28.8323
28.7298
28.6353
28.8935
28.5486
28.3706
29.0991
28.5533
28.6361
28.7868
28.7759
28.6258
28.7349
28.8851
28.8545
29.114
28.6267
28.6614
28.5661
28.8892
28.8261
28.6471
28.7261
28.7918
28.4933
28.8426
28.9844
29.006
28.9696
28.7662
28.9499
28.8526
28.6562
29.003
29.1598
29.0068
28.7023
28.8796
28.7772
28.4321
28.9604
29.1897
28.608
28.614
28.8114
28.6545
28.5345
28.8419
28.6299
28.7321
28.914
28.9574
28.8383
28.5459
29.0244
28.6959
28.2125
28.8172
28.5949
28.8516
29.0876
29.1317
28.7606
28.919
29.0726
28.8961
28.4788
29.0508
28.9344
29.2341
28.9088
29.0391
28.705
29.053
29.3579
28.6626
28.8129
29.0316
28.9466
28.9346
29.1249
29.1522
28.6435
28.9872
28.9701
28.95
29.0658
28.6721
29.0229
28.7927
28.7378
28.812
28.5938
29.217
29.2001
28.9585
28.8316
29.0734
28.6871
28.6114
28.9532
29.0704
29.203
28.8557
28.9167
28.8774
28.8673
28.9969
28.6873
29.0624
28.9684
29.47
29.0928
29.1163
28.6831
29.3818
29.3563
29.0976
29.1953
29.1536
29.0025
28.5114
29.3143
28.9024
28.8309
29.3347
29.0013
28.4762
28.8866
28.8549
28.5679
28.5911
28.5667
29.1379
29.0837
28.9806
29.0411
28.9676
28.9268
28.9349
28.8904
29.2394
28.6527
28.7805
28.7123
29.0527
28.9996
28.7503
28.9027
29.2382
28.7501
29.017
29.0127
28.8743
28.8269
28.7117
28.8692
29.0371
28.8321
28.898
29.0636
28.8477
28.7221
28.5793
29.1455
28.3293
28.5119
29.1069
28.7646
28.3076
28.3779
28.672
28.5397
28.768
28.7782
28.7697
28.8791
29.1106
28.6139
28.7483
28.7097
28.7791
28.732
28.8059
28.7985
28.5343
28.9046
29.0139
28.9647
29.0384
28.9666
29.1603
29.0346
28.6294
29.0023
28.6234
29.0786
28.6514
28.836
28.5968
29.3614
28.6973
28.5528
28.6266
28.7646
28.5246
28.4132
28.8866
28.7849
28.5353
28.7575
28.836
28.6845
28.8464
28.6344
28.5688
28.8954
29.3414
28.8549
28.6268
28.802
28.8102
28.6002
29.0048
28.7785
29.132
28.6489
28.6909
29.0012
29.3728
29.1423
29.1122
29.0801
28.8162
28.5915
28.8533
29.0716
28.6599
29.2016
28.9764
29.1929
28.609
28.9032
29.2336
28.5726
28.2139
28.8268
28.7683
28.9977
28.9572
28.7331
29.008
28.8887
28.8001
28.7081
28.8061
28.6987
28.821
29.1368
29.1444
28.5707
28.9331
28.7922
28.8841
28.6732
29.1357
28.8368
28.8146
29.7264
29.2752
29.149
28.8456
28.8607
28.7632
28.6878
28.9238
29.3441
29.0118
28.7737
28.622
28.5966
28.8503
28.8643
28.9945
28.544
29.1213
28.6619
28.6632
28.5058
29.113
28.7109
29.266
28.7279
28.724
28.9771
28.9419
29.0563
29.0091
29.0137
28.6688
28.7063
28.9631
28.9604
29.4742
28.8217
29.1188
28.9685
28.7327
28.9802
28.8515
28.8605
29.1466
28.8169
28.912
29.1751
28.7983
28.7331
28.7978
29.0561
28.6252
28.6906
28.8247
29.2077
29.0173
28.6976
29.0877
28.5582
29.0056
28.7681
28.8739
28.6173
28.4938
28.7057
28.7207
29.1982
28.8718
28.6697
28.7727
29.164
29.3669
29.3154
29.3368
29.0641
28.7442
28.7557
28.7044
29.0915
29.2602
28.8734
28.9026
29.0332
28.7056
29.1784
28.8105
28.7096
28.7173
28.9245
28.9292
29.177
28.9912
28.8465
28.9645
28.7451
29.2029
29.3817
28.722
28.7876
29.0467
29.0782
29.0408
29.05
28.6938
29.129
28.5654
28.9133
28.9184
28.8105
28.5323
29.1474
28.7041
28.664
28.8335
28.7033
28.993
28.6721
28.7734
28.889
28.75
28.9633
28.7825
28.3639
29.0364
28.8756
28.6374
28.6713
28.958
28.844
28.5518
29.0816
28.7458
28.8575
28.8052
29.1269
28.5431
28.9738
29.0432
28.6088
28.3324
28.9012
28.8456
28.8146
29.3116
28.7115
29.0243
28.3162
28.8339
29.0682
28.6691
28.7349
28.7272
28.8814
28.9072
29.0481
29.116
28.3673
28.7874
28.5843
28.6436
28.9397
28.7039
28.9264
28.7761
28.6169
28.8534
28.651
28.9403
28.5511
28.686
28.9282
28.7973
28.6057
28.724
28.9319
29.0961
29.0302
29.1672
28.8392
28.5685
29.0655
29.1249
29.0652
29.008
28.9253
29.179
28.6252
29.0918
28.8164
28.8242
28.9671
28.9899
28.5747
28.9547
28.9651
29.0031
29.2214
28.9448
28.7997
28.9044
28.9166
29.2865
28.8522
29.3385
29.3222
28.9149
28.8505
28.9585
29.3463
28.4691
28.8715
28.6733
28.6758
29.321
28.9127
28.9951
28.863
29.0583
28.635
28.9156
28.9033
28.4512
28.9268
28.9147
28.8878
28.3916
28.7804
28.603
28.7871
28.8462
28.8657
28.9713
28.7609
29.166
28.7945
28.805
28.6111
28.6353
29.2758
29.5676
28.7225
29.0645
28.8106
29.4746
29.1059
28.8677
28.9125
29.0227
28.8926
28.9083
29.0437
28.7525
28.5235
29.0488
28.7824
28.4241
28.6565
28.8762
29.1891
29.0542
28.826
28.6999
28.7119
28.7151
28.6443
29.148
28.9588
28.7905
28.7315
29.1492
28.7963
29.1637
28.8653
29.2255
29.3608
29.371
29.0953
29.2915
29.5158
28.9325
29.4171
28.9583
28.571
29.0217
29.4805
28.8101
29.2751
29.2702
29.0015
29.3426
29.0134
28.7199
28.7851
28.9794
29.3431
29.1072
29.1988
29.2788
28.8991
29.0413
29.338
28.5697
28.8919
29.2462
29.0149
28.783
28.3741
28.8891
28.703
29.1241
29.4153
28.627
28.8932
28.7386
28.7008
28.8593
28.822
28.9707
28.9742
28.9985
28.8711
28.5956
28.4615
29.3137
28.7964
29.0192
29.1365
28.6089
28.9582
28.8818
28.9679
29.0122
29.4139
29.1941
28.9086
28.9498
28.7865
28.8812
28.7454
28.9052
28.8814
29.1646
28.9608
29.2494
28.8668
29.0455
28.937
28.9919
28.9463
28.9255
28.7848
28.6622
28.9735
28.9211
28.5447
28.9203
28.6728
29.0529
29.1603
28.6698
28.7045
29.4785
28.6264
28.4136
28.7969
28.4723
28.185
28.867
28.873
29.2798
28.7094
28.4108
28.6151
28.6332
28.6942
29.1369
28.9198
28.8073
28.6362
28.0477
28.9922
28.911
28.5281
28.4113
29.3034
28.8049
29.4629
29.0367
28.9704
28.8856
29.036
28.8085
28.6914
28.6993
29.0667
28.8647
28.806
28.9792
28.7459
29.1109
28.959
29.2032
28.9241
28.5343
29.1001
28.2741
28.7275
29.1728
28.9974
28.8472
29.1305
29.085
28.9973
28.91
29.0976
28.9461
29.272
28.6526
28.659
29.1092
28.9794
28.6583
28.7184
29.0102
28.9938
29.0176
29.2252
29.2242
28.977
29.081
28.8046
28.913
29.112
29.1792
29.1809
29.2498
29.1622
28.9251
28.991
29.0083
29.1327
28.9343
29.0053
28.9123
28.9381
29.1521
28.6216
29.152
28.6826
29.0519
28.9681
28.8349
29.1052
29.041
28.8412
29.0926
28.7905
28.7134
29.1634
29.2273
28.4893
29.0836
28.8814
29.2599
28.5743
29.0075
29.3454
29.2966
28.7678
28.6271
28.8827
28.9764
28.4246
29.2106
28.9406
28.8438
29.2463
29.2731
28.9076
29.2912
28.9514
28.6894
29.0072
28.8296
28.9845
29.2135
28.4219
28.7624
28.9347
28.9769
28.9601
28.453
29.0891
28.7629
29.084
29.1953
28.9698
28.7185
29.0598
28.4617
29.1102
28.9524
28.8129
29.5244
28.9217
28.6197
29.226
28.3299
28.806
29.2341
28.8535
28.6268
28.7399
28.8719
28.8733
28.7893
28.8215
28.8031
28.7581
28.9269
28.8651
28.9516
28.8934
29.2574
28.5573
28.342
28.9606
28.2122
28.6008
28.6776
28.4261
28.3215
28.9247
28.6743
28.8393
28.4986
28.7237
28.8135
28.9387
28.7793
28.5973
28.8059
28.6307
28.5474
29.1342
28.9986
28.5743
29.0949
29.133
28.9042
28.617
28.8621
28.8964
28.9778
28.9064
28.8616
29.1144
29.0436
28.5333
28.815
28.8839
29.2921
29.0426
29.024
28.8154
28.5561
28.941
28.7373
28.7647
28.6427
28.8453
29.067
28.8394
28.3985
29.0852
29.0912
29.102
29.0244
29.3626
28.9443
28.6937
29.0368
28.8439
28.5449
28.3828
28.1858
28.6855
28.3973
28.3527
28.8662
28.8504
28.2651
28.2931
28.7193
28.0751
28.2092
28.8171
28.8268
28.8739
28.9097
28.7706
28.1917
28.6636
28.319
28.6768
28.7241
28.6673
28.6381
28.9513
28.8262
28.7236
28.9187
28.5197
28.8628
28.7457
28.5999
28.4524
28.4478
29.0858
29.0997
29.3966
28.9164
29.0869
28.9072
29.287
29.113
29.3806
28.933
28.6137
29.1772
28.6944
28.9745
28.4762
28.4323
28.8002
28.6878
28.5736
28.807
29.0618
28.8881
28.7229
28.761
28.7139
28.571
28.7924
28.5611
28.5857
29.2679
29.0459
28.7986
28.5828
28.7535
28.6242
28.9114
28.4669
29.0186
28.8457
28.5999
28.794
28.867
28.7457
28.6375
28.6662
28.8638
28.4199
28.8219
28.5998
29.0176
28.8036
28.8705
28.8268
28.9603
28.6066
28.8213
28.9097
28.8703
28.9564
28.6032
28.3471
29.0463
28.836
28.9118
28.9773
28.8007
29.3317
28.7858
28.6377
28.6994
28.9351
28.7112
29.1145
28.3732
28.7471
29.0789
28.6909
28.7427
29.2595
29.0552
28.8138
28.9538
28.6489
28.914
29.0883
28.8135
29.3042
28.8087
28.8828
28.7663
29.1296
28.6241
28.8483
28.8042
28.9375
28.9954
28.8477
28.7452
28.6808
29.0418
28.7738
28.95
28.9572
28.8176
29.1986
28.6503
28.9475
28.8862
28.67
29.161
28.9053
28.9655
29.1264
28.8615
28.3758
29.5356
28.7356
