9.20937
9.05645
9.55422
8.93683
8.86246
8.93887
9.23206
9.03987
9.16709
9.24473
9.04257
8.96427
8.90063
9.21319
9.30307
9.36901
9.42543
9.26235
8.99696
8.86069
8.82163
8.89279
9.01048
9.24236
9.39919
9.26844
9.21088
9.17439
9.08453
9.18531
9.2607
8.89154
8.89282
9.19458
9.32656
9.05582
8.95056
8.61252
9.10999
9.08944
9.35488
8.92708
9.1754
8.65486
8.91805
8.79902
9.24844
9.07494
8.93382
9.52937
8.72174
8.92349
8.7465
8.90251
9.22532
8.83701
8.51474
8.87742
8.47807
8.73126
8.93834
9.18301
8.93366
8.98056
8.78151
8.7089
9.50761
9.568
8.72083
9.36913
9.25168
8.96863
9.06086
9.13117
8.87361
8.98185
9.06441
9.20249
8.97372
8.83469
8.87092
8.85974
9.23926
9.33715
9.34945
9.22862
9.01944
8.76294
8.94293
9.06481
8.51563
8.70409
9.38604
9.28621
8.98024
9.08775
8.84071
8.84016
9.04761
8.73136
9.258
8.72032
8.88559
8.71467
9.07568
8.87293
8.88366
9.14359
9.10101
9.19987
9.00283
9.22237
8.91039
8.73048
8.4485
9.35112
8.84001
9.12994
8.63465
8.95711
9.01786
8.84797
9.1899
9.40441
9.06969
8.92657
8.91679
8.79884
9.10984
8.78851
8.57822
8.76662
9.26527
8.55622
8.62718
8.70019
9.06627
8.86136
9.22768
8.8307
8.91238
8.98215
8.94212
8.94673
8.4111
8.94269
8.95378
8.99135
9.07812
8.81063
8.89486
8.57123
9.1862
8.58198
9.03897
9.07824
8.8118
8.95056
8.90955
8.85821
9.29553
8.74656
9.03768
8.85064
9.1729
8.81644
9.02752
8.85519
8.78853
9.16876
9.04369
8.69039
8.9846
9.04721
9.03543
8.88579
8.9651
8.92284
8.76484
8.83042
9.02036
9.17256
8.79302
9.26132
9.00662
8.96932
9.16503
9.13219
8.58714
8.73806
8.82841
8.97812
8.89972
9.09556
8.80058
8.76637
8.58692
9.03433
9.07241
9.18893
8.86286
9.03047
8.65027
9.00187
9.27837
8.95873
9.32927
9.07291
9.44847
8.8576
9.21497
9.10271
9.5125
8.91885
9.2266
8.96435
9.19566
8.83744
9.55725
9.55313
9.30966
9.1816
8.99185
8.68926
9.01569
9.06331
8.91473
9.24204
8.82028
9.18019
9.09082
9.01659
8.98018
9.26614
9.65874
9.07795
9.30952
9.18363
9.42301
9.66402
8.95145
9.07528
9.05399
8.96366
8.79076
9.05113
8.99141
9.24003
8.89653
9.32232
8.82929
8.99809
8.79917
8.99738
8.92645
9.0602
9.39012
9.34834
9.16473
9.00009
9.03828
8.95722
9.02716
9.05141
8.90649
9.02168
9.39941
9.11265
9.08238
9.00475
9.29498
9.28034
9.13701
9.32462
9.5748
9.07354
9.03094
8.84366
9.22628
9.40981
9.54414
8.96811
9.05462
9.34657
8.93134
9.23616
9.07536
9.14114
9.04666
9.20543
9.2389
8.85503
8.94694
9.13661
9.13433
9.30966
9.19042
9.31045
9.14758
9.34048
9.1509
9.1375
9.07917
9.36713
9.01884
9.1254
9.07145
9.2566
9.4765
9.02773
9.1194
9.52333
9.06644
9.28723
9.22134
9.48596
9.52655
8.74224
9.28839
9.2654
8.84362
9.30861
8.51968
8.93721
8.84934
9.16104
9.18577
9.0748
9.32988
9.11975
9.31932
9.0873
8.87349
9.45585
9.1631
9.10986
8.89932
8.83491
9.00939
9.41046
9.08153
9.24226
8.69775
9.00235
9.33946
9.2806
8.89738
8.76483
9.3043
8.95858
8.95542
9.25972
8.79953
9.25114
9.15336
9.05827
8.91551
9.18299
9.03261
8.69539
9.04393
9.05863
9.30189
9.43161
9.29844
8.75705
9.24964
9.48127
9.01821
8.93536
9.37601
8.9729
8.94398
9.07726
9.16782
9.40349
9.34664
9.20381
9.6715
9.53116
9.36095
8.6278
9.33112
8.96775
8.92769
9.22191
9.10895
8.75655
9.16883
9.03512
8.95431
9.11269
8.88821
8.65602
9.17196
9.36272
8.87894
9.02786
9.20488
9.30087
9.14329
8.79399
9.00195
9.11817
8.78715
9.24482
9.08953
9.17931
9.22514
9.13078
9.41656
9.18167
9.44244
8.76637
9.00674
8.61927
8.7067
9.25425
9.52762
9.02575
9.17484
8.89991
8.89781
8.88173
9.07097
8.89332
8.95715
8.8429
9.31052
8.86945
9.09263
9.10721
8.63442
9.16428
9.09963
8.92872
9.45012
9.14943
9.08566
8.79374
9.38127
8.59743
9.04773
8.83075
9.06892
8.75732
9.09256
9.25332
9.13346
8.73176
9.20663
8.91327
9.44892
9.22527
8.72749
8.92999
8.96651
9.06611
9.02981
9.02251
8.92316
9.1037
9.51147
9.37395
8.81705
9.1984
8.88746
9.01641
8.98161
8.88975
9.295
8.88805
9.31549
8.94874
9.12511
8.93004
8.88025
9.2346
9.14327
9.17994
9.05729
9.09463
9.06899
9.12546
8.72106
9.12135
9.67841
8.68557
8.96281
8.9113
9.29584
9.08842
9.26083
9.61806
9.45763
9.14386
9.3053
9.36378
9.17781
9.12084
9.06948
9.13048
8.94023
9.03412
9.52406
9.30827
9.4617
8.83338
9.28049
9.31742
9.08288
9.14771
9.17841
8.80923
9.28127
9.08258
9.12954
9.05109
9.2913
9.09949
9.36947
8.88791
9.25154
9.07767
9.26578
9.04725
9.24862
9.06214
9.12202
9.46129
9.08355
9.08248
8.96332
8.99262
9.3383
9.23598
9.16095
9.03232
9.07115
8.9605
9.45624
9.01916
9.58849
8.73275
9.03036
8.90336
9.32469
9.06432
8.77106
9.14515
9.20294
9.22582
9.49877
8.87106
9.08541
9.51293
8.98876
9.39926
9.26444
9.33931
8.99342
9.00955
9.00138
9.17458
9.09227
9.3314
9.00887
8.83166
9.493
9.01552
9.01868
9.07709
9.07181
9.26513
9.45242
9.39113
8.66189
8.63211
8.98722
9.32617
9.0209
9.23196
9.23624
9.53015
9.01937
8.9723
9.73898
9.27803
8.99295
9.01763
9.36085
9.07955
9.45791
8.99061
9.08756
9.26511
9.15543
9.58089
9.18519
8.94926
9.08844
9.26586
9.15523
9.13596
8.81093
9.08165
8.92311
9.43356
9.21181
8.7986
8.7636
9.15656
9.20534
9.3034
9.42417
9.37144
8.8887
9.66746
9.0489
9.06321
9.00629
9.00619
9.23328
9.10894
8.99549
9.20615
8.68968
9.05396
8.73338
8.93294
8.93186
9.08642
8.79274
9.3099
9.37085
9.20745
9.1747
8.97853
8.94375
8.97887
8.81308
8.94202
9.12161
8.86961
9.07753
9.12646
9.01371
9.10487
9.16271
9.43573
9.0608
9.03825
9.26364
8.98666
8.92022
8.90467
9.33617
8.9424
9.14981
8.99982
9.36246
9.50018
9.01642
8.79055
8.75822
9.08383
9.50103
9.14165
9.20481
8.85263
8.8271
9.01291
8.95561
9.19165
9.14991
8.98133
9.45012
9.04645
9.16879
9.22938
8.95758
9.06633
9.26852
9.27493
8.74349
8.93905
9.25224
9.28541
9.16817
9.13163
9.26382
9.07386
9.41863
9.11116
8.49464
9.08946
9.35835
9.06966
8.71501
9.71778
8.98468
8.74738
9.13806
9.26625
9.12252
9.25863
8.54885
9.32986
9.32079
9.32729
9.10889
9.03004
9.32926
9.15841
8.91257
9.41064
9.00909
9.04317
9.09903
9.14304
8.77377
8.80426
9.2876
9.13486
8.9192
9.37422
9.35987
8.99571
9.28582
9.05117
9.00155
9.22148
9.08082
8.86448
8.89859
9.05054
9.37686
9.43592
9.15348
9.08173
8.90606
9.37551
9.17284
8.95673
9.01941
9.08854
9.236
9.02195
9.16863
9.31966
9.50329
9.45427
9.34885
9.05481
8.99776
8.94419
9.06945
9.21789
9.23167
9.16005
8.92253
8.69158
9.02205
8.99347
9.30141
9.29945
8.54562
9.17096
9.15781
9.49752
9.07852
9.2387
9.19139
9.26788
8.96946
8.97454
9.12298
8.85448
8.91724
9.17669
9.51733
9.19199
9.20124
9.07621
9.14939
9.1249
9.57362
8.99893
8.97023
9.06609
9.10552
9.29902
8.51688
8.82601
9.16645
9.13589
9.3488
8.69443
8.83968
9.0821
9.28485
8.93779
9.10866
9.30263
9.04092
9.35259
9.00693
8.61688
9.21254
8.55151
9.1073
9.03109
9.01244
8.91751
8.89216
8.40776
8.98638
9.07638
8.8965
8.82996
8.93691
9.10641
9.36845
9.19875
8.75204
9.08249
9.03617
9.02105
8.6789
8.92536
8.87905
9.45273
9.03133
9.06156
9.26759
8.79419
8.98427
9.50804
9.09766
9.40996
9.14234
9.35061
9.21783
9.19302
9.19003
9.14318
9.14187
9.16986
8.60535
9.46552
9.18516
9.43802
8.74601
9.22397
8.86418
9.34997
9.00569
9.2311
9.40451
9.36129
9.27528
9.32208
9.11628
9.03457
9.28377
8.85531
9.27406
9.49622
9.12817
9.19639
9.22638
9.43689
8.88418
9.20009
9.27866
8.62517
9.02599
8.93509
9.23182
9.1964
9.58133
9.11957
8.67911
9.14064
9.05226
9.07021
9.14539
8.9319
9.48114
9.20427
9.38786
9.26466
8.89638
9.20698
9.14727
9.39133
8.80032
9.12097
9.29705
9.06126
9.07169
8.55183
8.95948
9.17529
8.94912
9.44575
9.25264
8.77071
9.31834
9.04036
9.25433
8.93873
9.15046
8.68977
9.06743
9.28894
9.04767
9.21969
9.3794
9.48651
9.03917
9.25705
8.92766
9.42196
9.22375
9.43351
8.82265
9.17782
9.01683
8.87643
9.65282
9.11798
9.06259
8.86199
9.38861
8.85716
8.8158
9.0087
8.69083
9.00478
9.30873
9.1547
9.04432
8.72134
9.18995
9.10262
9.03877
8.66355
9.22934
9.41057
9.05109
9.04105
9.50576
8.87823
8.98735
9.01091
8.87917
9.22537
9.41842
9.47109
9.37303
9.23258
9.13133
9.59666
9.08011
9.05035
9.48455
9.18471
8.78685
9.14471
8.54919
8.9711
9.1164
9.01903
9.34277
9.19304
9.14054
9.15476
8.74565
9.34594
9.0941
9.25726
9.01086
9.06224
9.67396
9.32339
9.47683
9.12312
9.46048
9.26774
9.41012
8.96888
8.95586
9.34016
8.9495
9.34569
9.21259
9.37249
9.10769
9.14659
8.75068
9.16614
9.05593
9.13314
9.0966
9.23478
9.21424
9.31073
9.24599
9.09113
9.39731
9.31503
9.0171
8.88031
9.41334
8.86552
9.32012
9.16984
9.69494
9.74307
9.26118
9.46736
9.27508
9.39508
9.33737
9.00281
9.6324
8.8571
9.22552
9.29564
9.60229
8.62673
9.04572
9.1464
8.9033
8.94604
8.92814
9.37647
9.10094
9.23365
8.86232
8.72358
8.99555
8.55147
9.11895
9.4731
8.64175
9.18963
9.1222
9.12199
9.07243
8.92852
8.94833
8.84763
9.02138
9.01594
9.01924
9.03106
8.97412
8.49832
8.89228
8.9071
9.23777
9.23576
8.65697
9.20548
8.59971
9.08776
8.79365
8.86087
9.02658
8.6734
9.28945
8.85707
8.55184
8.83953
8.74663
8.94964
8.91288
8.66835
9.02573
8.85137
8.88033
9.1669
8.98017
8.76043
9.06603
8.63232
8.7803
8.96733
9.08272
8.65781
8.51021
9.35936
9.18678
9.25204
8.93562
8.80455
9.19726
9.07037
8.77263
8.90015
8.9576
8.98584
8.85503
9.09315
9.0448
9.09678
9.06713
9.09993
9.05099
8.41869
8.87481
8.89924
9.30504
9.13592
8.88836
9.24227
9.30636
8.67294
8.88445
9.02492
9.20273
9.27766
9.07074
9.03088
9.46243
9.1472
8.797
9.12101
9.26652
9.06236
9.15943
9.029
9.3323
9.51036
9.37926
8.93795
9.55713
9.32786
9.01844
9.09487
9.09378
9.27149
9.33028
9.39001
9.37101
9.25452
8.95107
9.19459
9.64805
9.07022
8.88994
9.24328
8.94793
8.7754
9.07967
9.43925
9.39565
9.57086
8.93208
9.2244
9.2498
9.00234
9.15112
8.96815
9.17279
8.94874
9.08313
9.26964
9.62813
9.05271
9.35574
8.8843
9.11935
8.61812
9.53458
8.89881
8.96231
9.28512
8.98813
9.24156
8.97224
9.22032
9.16502
9.19659
9.28387
9.54406
9.02883
9.41463
9.06615
8.99964
9.26769
9.40257
9.31577
9.09305
8.8239
8.83769
9.68269
9.38844
9.0562
9.67991
8.94584
9.45168
9.12126
9.35709
9.09966
9.14621
9.13699
9.61426
8.88382
9.26523
9.26078
9.28514
8.25649
9.25802
8.83588
9.13223
9.24031
9.35159
9.32135
9.68458
9.05894
9.21879
9.18033
9.53764
8.96269
9.04144
9.25877
9.06541
8.8385
9.02018
8.97069
9.23075
9.14727
9.32158
9.2582
9.00264
8.99401
9.0847
8.89445
8.63143
8.78997
9.28418
8.82774
9.38073
9.21319
8.81068
9.38574
9.14127
8.91404
8.98794
9.0142
9.13386
8.93456
8.83229
9.56878
9.24031
9.25047
9.25565
9.06147
9.10994
9.23374
8.95657
9.0326
9.27627
9.56572
8.94361
9.20319
9.03441
9.42009
9.14695
9.13248
9.03235
9.56527
9.20608
8.96027
9.04504
9.37146
9.2668
9.05897
9.22388
9.16164
9.0821
8.82954
8.91994
9.11318
9.05914
9.29216
9.31461
9.29539
9.22507
8.7661
8.87917
9.08321
9.24672
9.44503
9.30967
9.57762
9.30705
9.01786
9.30649
9.44033
9.2917
9.20246
9.36838
9.63746
9.02213
9.60876
9.27946
9.16146
9.1481
9.29165
9.19253
9.04839
9.5295
9.45311
9.07831
9.1153
9.26519
9.45697
9.35378
9.34015
9.76109
9.17428
9.41304
9.63854
9.4561
9.27589
8.87463
9.31985
9.71622
8.96063
9.32501
9.25379
9.27661
9.18911
8.90549
9.25056
9.03784
9.34372
9.49773
9.44519
9.59091
9.05753
9.45097
9.02708
9.28156
9.36119
9.16093
9.39238
8.97219
9.25615
9.47123
9.96694
9.30882
9.29528
9.54028
9.52331
9.50104
9.84299
9.02228
9.39712
9.18765
9.61164
9.63283
9.52339
9.50629
9.53357
9.28452
9.19244
8.75088
9.34517
9.27909
9.33143
9.20212
9.38229
9.14656
9.46055
9.30459
9.4368
9.1732
9.47878
8.74716
9.31308
9.39654
9.3318
9.37961
9.28459
9.48228
9.38125
9.17216
9.20767
8.95351
8.99508
8.6581
9.24999
8.87665
8.72732
9.49386
9.11147
9.14414
8.85599
9.31165
9.46202
9.39226
9.04847
9.1229
8.85291
9.44889
9.16288
9.11989
9.30021
9.24581
9.32211
9.44474
8.87987
8.52733
9.02114
9.23438
9.0392
8.8945
9.11373
9.10347
9.07571
9.708
9.32634
9.14461
8.92976
9.31903
9.37062
9.71055
8.89881
9.02294
9.15316
9.3497
9.15951
9.27349
9.09694
8.81785
9.21963
9.69104
9.54746
9.48843
9.60212
9.10653
8.99894
8.89677
9.22274
9.34973
9.5467
9.43641
9.4721
8.71293
8.74524
9.1523
9.06811
9.08517
9.43194
9.34555
9.32663
8.9725
9.03191
9.05823
9.20215
9.58007
8.66605
8.84317
8.87916
9.2935
9.15119
8.95749
9.44238
9.17728
9.25354
8.90366
9.28446
8.89615
9.37627
9.08502
9.13098
9.32549
9.60201
8.95026
9.21834
8.82066
9.10068
9.27486
9.25331
9.17176
9.52444
9.31367
9.28166
9.26383
8.83159
8.93278
9.01997
9.21493
9.31604
9.05382
9.12633
9.10267
9.21967
8.89211
9.13756
9.31191
9.0903
9.34261
9.40016
9.06074
9.30732
9.20172
8.92686
8.99829
9.23872
9.12435
9.43345
9.12264
9.08181
8.71452
9.29179
9.53834
9.05878
9.04664
9.25539
9.20052
9.2293
9.61128
9.25733
9.12802
9.1474
8.7201
9.25766
9.11923
9.15089
8.72078
9.26908
9.39671
8.92392
9.17354
9.49639
8.95471
9.23482
9.48228
9.10656
9.09549
9.1055
9.64468
9.16967
9.2216
9.16841
9.2312
9.06319
8.92561
9.48889
9.4293
9.00353
9.09105
9.29321
8.97419
9.40908
9.21299
9.01564
9.06412
9.4457
8.99735
9.00651
9.27428
9.43386
9.09487
9.80909
8.93597
9.11411
9.40758
9.03403
9.47453
8.92376
8.83383
9.2753
9.57631
9.52198
9.22196
9.42812
9.33599
9.29368
8.93101
9.04249
9.1361
9.0089
9.22483
9.61871
9.54132
9.28112
9.06326
9.23327
8.92146
9.40717
9.06635
9.24756
9.14381
9.16767
9.3664
9.2865
9.18268
9.2302
8.94966
9.20249
9.54942
9.3425
9.54055
9.12788
9.11669
9.58248
9.66312
9.1028
9.53231
9.5736
9.22055
9.4818
9.06067
8.47497
9.06978
9.08407
9.45909
9.48738
9.53438
8.57757
9.4216
9.50653
9.09508
9.03896
9.15018
9.07084
9.54293
9.25273
9.61754
9.80976
8.90952
9.10905
9.30375
9.53939
9.3782
9.11791
9.30306
9.44429
9.25048
9.06796
9.06135
9.0068
9.0802
8.93314
9.3085
9.13458
9.52293
9.49048
9.11555
8.96824
8.8508
9.56114
8.99135
9.36657
9.27425
9.0625
9.6365
9.36155
9.32333
8.89185
8.98889
9.0941
9.11101
9.39567
9.31028
9.14029
8.71717
9.52109
9.17644
8.97782
9.55281
9.28518
9.17689
9.43078
9.41135
8.97359
9.63651
9.33593
9.31072
9.47809
9.47066
9.35314
9.07622
9.47028
8.80814
9.25121
9.0664
8.98388
9.12796
9.66118
9.4029
9.41685
9.10467
8.98684
9.10774
9.33414
9.29999
9.05595
9.25164
9.13123
9.349
8.81077
9.35885
9.1434
9.07182
8.76109
9.2703
9.21814
9.6561
9.22226
8.83665
8.72846
9.1875
8.85168
8.96946
8.97668
8.70965
8.75418
8.90286
8.64513
8.51062
8.85912
8.81021
9.20133
9.43903
8.92406
9.26271
8.90442
9.29283
8.86285
8.59062
9.19841
9.05385
9.27708
8.96602
8.74366
8.76819
9.23818
9.14328
8.77729
8.87791
9.04916
9.17285
8.68929
8.93819
8.58875
9.5206
8.85683
9.01132
8.71738
8.95407
8.8672
8.82862
8.90695
8.89283
8.88958
8.77556
9.22524
9.08749
9.19774
8.73258
9.01461
9.18752
9.55152
8.95803
8.86958
8.96083
8.88128
9.0504
9.14012
9.16783
8.54973
8.85288
9.2406
8.52218
9.22952
9.00543
8.86322
9.05865
9.09055
8.97077
8.61738
8.68349
9.05213
8.89772
9.57477
8.89747
9.47602
9.2742
9.12934
8.89682
9.33714
8.78151
9.09426
8.97812
9.24695
9.0561
9.25386
8.79777
8.54227
9.15592
8.98103
9.10399
9.14563
9.01466
9.262
9.16273
8.96372
8.90097
9.27049
9.39302
8.9897
9.41759
8.7752
8.94545
9.19253
8.92387
9.09106
8.97616
9.09501
9.301
8.87931
9.32174
9.15101
9.34346
9.15959
9.17438
9.22256
9.08181
9.15178
8.86028
8.91097
9.52579
9.0988
9.32124
9.04361
8.706
9.23811
8.7507
8.833
9.12023
9.56113
9.42477
8.91408
8.70747
8.85508
9.24197
9.22391
9.12557
9.1697
9.04225
8.84795
9.15274
9.18755
9.03731
9.15841
9.06555
8.97504
8.90989
8.84554
8.51737
8.89298
8.94446
9.3284
9.26045
8.97658
9.54082
9.06965
9.13679
9.46541
8.7426
9.175
8.83979
9.29168
9.15028
9.1978
8.66694
8.54929
9.12186
9.41125
9.40431
9.32956
8.7508
9.1796
9.18811
9.0725
8.92071
8.88805
8.77151
9.13202
8.9714
9.13723
9.04236
9.31306
9.25401
9.21074
8.86693
9.21829
9.12844
9.05526
9.11872
9.25748
9.13037
8.89204
8.71954
9.2027
8.78654
8.88327
9.09528
8.87452
8.90266
8.8651
8.56752
9.09979
8.71131
9.12837
9.48838
9.13997
8.95103
8.7989
9.41619
8.90717
8.56841
8.97063
9.41897
9.3296
9.35273
9.12288
8.7349
8.71358
9.43458
9.44411
9.35058
9.30624
9.29299
9.29642
9.50431
9.13987
9.01434
9.14162
8.82211
9.20307
9.35271
9.18391
8.93918
9.01085
9.20123
9.11991
8.97268
9.06958
8.86321
9.23619
9.3633
9.37755
9.00271
8.85576
9.25217
9.20178
9.72164
8.68576
9.51743
9.26545
9.23584
9.01786
9.11136
9.08009
9.33199
9.20588
9.18693
8.81452
9.08012
9.45768
9.32232
8.86916
9.24822
8.93852
8.92619
9.40686
9.31588
9.00504
9.22595
9.05852
9.07576
9.2187
8.86659
9.1274
8.87108
9.29432
9.35615
9.09031
9.31378
8.85719
9.53336
8.97991
9.09735
8.92424
9.00546
9.09316
9.0877
8.52327
8.91041
9.69861
9.36328
9.59866
9.43271
9.22582
9.02489
9.2455
9.00117
9.20266
8.74034
8.92702
9.04876
9.19253
8.72432
8.72826
9.35819
9.23253
9.20117
9.24099
9.16342
9.31844
9.28033
8.83292
9.109
9.02359
9.06101
8.84889
9.47933
9.30382
9.04385
9.37168
8.9877
9.17047
9.60002
8.92706
9.49799
9.85111
8.97694
9.33561
9.47642
9.14116
9.55253
9.03753
9.08209
9.02144
9.34488
8.87012
9.27907
8.67051
9.40355
9.18698
8.96383
9.03705
9.31637
9.44003
9.22739
9.39244
9.30273
9.14103
9.18853
9.04891
9.32338
9.15715
9.17329
8.89812
9.18138
9.18602
9.33871
9.59126
9.22394
9.19598
9.09112
9.83777
9.40013
9.12601
9.36236
9.18091
9.10716
9.14596
9.24746
9.34577
9.32248
9.13769
8.93812
8.92457
9.03474
9.31088
9.07604
9.05815
8.83863
9.10303
9.28634
9.1098
9.1796
9.18147
9.03524
9.63619
8.95587
9.18017
9.17124
9.33724
9.3093
9.31301
8.92753
9.19084
9.15973
9.21793
9.07418
9.50705
9.13451
9.24942
9.159
8.866
9.44335
9.02056
8.62343
9.30502
8.8159
9.32671
8.74671
9.15409
8.99406
9.32834
8.94629
9.37096
8.8411
9.10653
9.18142
9.86612
9.3842
8.83092
9.09955
8.81268
8.82496
9.15358
9.12663
8.59282
8.94539
8.92782
9.07097
9.40442
9.2688
8.92107
9.06082
9.17766
9.46751
9.09382
9.26465
8.87974
8.56849
8.95158
9.20316
9.28361
9.26949
9.04733
9.33063
9.17869
9.15832
8.88786
8.75511
8.90125
9.17076
8.81201
9.24581
8.68814
8.83634
8.83173
9.46773
9.35784
9.64652
9.60938
9.30989
9.11381
9.02877
9.22731
9.67343
9.24773
8.97172
9.53592
8.75426
9.59211
9.09716
9.57872
9.08174
9.54733
9.31966
9.57866
9.36854
9.10529
9.14844
9.591
9.31618
8.8677
9.01005
9.25011
9.25294
9.6967
8.98747
9.27317
9.04575
9.20834
9.04114
9.34166
9.29976
9.57668
9.28681
9.46028
9.52406
9.10075
9.48707
9.11272
9.39604
8.8947
8.77229
9.40729
9.15552
8.88961
9.4118
9.49013
9.37675
9.03094
9.48976
9.07004
8.93191
9.2634
9.71984
9.2916
9.61729
9.58242
9.24902
9.28087
8.84886
9.26284
9.17058
9.42941
9.3094
9.33867
9.58641
8.99129
9.21983
9.54396
9.68867
9.13185
9.36352
8.94694
9.21672
9.37701
9.39461
9.42149
9.52835
9.07759
8.94156
9.43021
9.41579
9.59141
9.8545
9.56343
9.69788
9.37248
9.36889
9.05305
9.80276
9.35212
9.15716
9.26071
9.30785
9.38848
9.32916
9.24007
9.12541
9.05456
9.2934
9.29083
9.09434
9.46265
9.64352
9.27408
9.75813
9.3731
9.30432
9.5451
9.52432
9.20692
9.11011
9.52261
9.29759
9.44608
9.25021
9.65425
9.22011
9.48712
9.37823
9.42497
9.25654
9.33591
9.15958
9.66016
8.95044
9.40707
9.50462
9.63118
9.32054
9.29737
9.30142
9.23065
9.19393
9.11182
9.08209
9.32514
9.22988
9.2538
9.12647
9.29755
9.30269
8.71748
9.07165
8.87002
9.06694
9.12433
8.99011
8.90521
9.33629
9.06694
8.57751
8.61283
9.37763
9.15067
9.39638
9.03357
9.50775
8.90868
9.06219
9.0754
8.83443
9.27839
8.97583
9.0305
9.24571
8.89068
9.16572
9.2252
9.39334
8.73238
8.87922
8.87791
9.22261
9.30118
9.48356
8.90158
9.37963
8.98577
9.30007
8.67279
9.31281
8.77921
9.26111
9.46769
8.96469
8.68461
9.20016
9.08508
8.86129
9.21386
9.24807
9.2956
9.14974
9.3596
9.13007
9.03929
9.17717
9.24882
9.18465
9.10818
8.62284
9.27948
8.93147
8.87352
8.72975
9.24812
8.78869
9.0185
9.25312
8.90656
8.71329
9.16133
9.11837
9.32059
9.00708
9.09519
9.43963
8.94414
9.02076
9.45495
9.06229
8.54486
8.93166
9.01668
9.14348
9.23301
8.9502
9.23429
9.21221
9.06882
8.68278
9.08307
8.95727
8.88655
9.19424
9.06517
8.99989
8.94981
8.74208
8.9545
8.99271
8.85011
9.19318
9.13388
9.45049
8.88509
8.88691
9.02086
8.96497
8.7713
9.09682
9.34456
8.61617
8.86628
9.26937
8.71872
9.1267
8.86575
9.05284
8.95433
9.0802
9.23234
9.33713
9.25645
9.10463
8.94027
8.79848
8.96063
9.44253
8.97025
9.18506
8.63694
8.76193
9.14093
9.09337
9.01998
9.29808
9.12195
9.00929
9.51205
8.98365
8.73225
8.88458
9.1949
9.17764
8.76385
9.09082
9.25548
8.99135
9.46373
8.89792
9.03196
8.77461
9.30556
9.08691
9.21971
9.15478
9.20165
8.97007
8.94161
8.98082
9.03592
9.21981
8.9581
8.94747
9.21747
8.97402
9.27336
9.3269
9.07209
9.029
9.24814
9.09889
8.82704
9.32699
9.36323
9.16624
9.3243
9.34295
9.13705
9.27007
9.31568
9.28033
8.84412
8.79011
9.59942
9.35731
9.46293
9.01037
8.95607
9.30276
8.95868
9.38747
9.04101
9.54721
8.95362
9.15151
9.23477
9.10616
9.11046
9.71878
9.38147
9.44448
9.20361
9.26344
8.97219
9.15071
8.92038
9.18116
9.20044
8.97009
9.02845
9.27991
9.2913
8.74614
8.59677
9.31038
8.89137
9.56421
9.06374
8.58661
9.04534
9.23001
9.12299
9.27016
8.78835
9.01098
9.50708
8.84719
8.96999
9.08852
8.9749
9.13457
8.77781
8.81957
8.76606
8.93634
8.87339
9.19134
8.95701
8.83236
8.67661
9.02988
8.865
9.14785
9.10016
9.25794
8.8192
8.95381
9.20259
8.89115
8.82502
8.66882
8.90536
9.16023
9.16804
8.81141
9.17474
8.70085
8.89723
8.87052
9.16454
8.8539
9.12769
8.95141
8.79749
9.22857
8.64525
9.12689
8.88624
9.20175
9.08159
9.11898
8.76457
8.86887
8.84785
8.99049
8.72581
9.22348
9.00827
8.82675
8.93587
8.77651
9.355
9.11908
8.88861
9.2031
8.86215
8.91105
8.82475
9.39221
9.05539
8.79662
8.41924
9.39137
8.5291
9.23812
9.4141
8.8915
9.15567
9.06849
8.94506
9.18445
8.91274
9.12853
8.88584
9.21672
8.6913
9.10661
9.1974
8.92964
8.88394
9.34661
9.23105
8.96171
9.39948
8.90181
8.85222
8.90771
9.02906
8.89289
9.0515
9.19184
8.88104
9.36914
9.01049
8.9874
8.93109
8.96129
9.40958
9.26577
9.36794
9.11807
8.54669
8.86384
9.15748
9.16842
8.88182
8.92414
9.11961
9.13314
8.94051
8.98015
8.91472
9.02364
9.1165
8.90404
8.73685
8.72297
9.05541
9.04795
9.04145
8.99142
9.03679
8.62147
9.12851
8.71832
9.23333
9.62707
8.99357
8.63246
9.09959
8.8973
9.09822
8.83157
8.8526
9.17958
9.1335
8.77444
8.65905
9.0245
8.88502
8.85902
8.92065
8.95801
8.77308
9.02128
8.83913
9.42866
9.25959
8.70021
9.30625
8.99676
9.13836
9.038
9.11327
8.96101
9.2918
9.12476
9.17092
8.77536
8.88814
9.25657
8.91005
9.01234
9.28926
8.7449
9.23881
9.27818
8.75442
8.68998
9.2426
9.15781
9.24755
9.0551
8.99514
9.177
9.17274
8.85266
8.83281
8.94722
9.30187
8.82294
8.92681
9.0783
8.89667
9.02455
8.93937
8.94513
9.32685
8.83103
8.62848
8.713
8.87764
8.95543
9.16402
8.741
8.92557
9.22597
9.30199
9.28267
9.51549
8.71488
9.46062
9.49088
9.3708
8.93462
9.05844
8.94639
9.17745
8.90772
9.12296
8.9048
8.84634
9.08235
9.35608
8.94544
9.57421
9.00993
9.13755
9.2701
9.50184
8.66494
8.98025
9.21463
9.11853
9.098
9.36141
9.22951
9.25154
9.24986
8.97825
9.47997
9.07449
9.5395
9.00944
9.08342
9.02465
9.26747
9.3054
9.64043
9.26227
9.08952
9.22283
9.32509
8.62928
9.12612
8.83045
9.49302
9.17674
8.85634
9.08162
8.91211
9.17206
8.86544
8.54613
9.03222
9.06578
9.08536
8.84376
9.07564
8.80316
8.9351
9.09936
9.22268
9.00538
9.31277
9.21414
8.89489
9.22253
8.90464
9.02294
9.14765
9.01494
9.12093
8.87533
9.12459
9.07637
9.41635
8.76547
9.24201
8.86729
9.41221
9.13315
8.81611
9.17766
9.14386
8.66632
8.71418
8.67523
8.94342
8.58342
9.29692
9.26205
8.84971
8.93459
9.18322
9.23529
9.10323
9.2424
8.86159
8.86226
9.12142
9.03306
9.20456
9.16284
9.04497
9.33114
9.07423
8.92027
8.5067
9.04394
8.94281
8.65474
8.9723
9.07708
8.90241
8.73426
8.84001
9.08345
9.20295
9.26915
9.3998
9.53627
9.49345
9.14598
9.46806
9.55601
9.17434
9.21952
9.19347
9.51673
9.36514
9.14141
9.17704
8.84344
9.44156
9.55084
9.63177
9.56219
9.01086
9.04074
9.41011
8.77689
9.4338
9.29644
9.46659
9.19647
9.60855
9.16236
9.61747
9.40039
9.09636
9.31672
9.45281
9.19219
9.44455
9.69999
9.4359
9.32145
9.25347
9.65172
9.0905
9.28764
9.30449
9.20234
9.69268
9.35371
9.62798
9.39735
9.11493
9.61207
9.58967
8.92822
9.29152
9.05692
9.43654
9.41507
9.48883
9.35141
9.19968
9.43267
9.05518
8.75638
8.3949
8.93841
9.26866
9.02372
8.8923
9.2543
8.85836
8.74975
8.91587
9.00056
8.7553
9.32661
8.60343
8.73745
9.02191
8.85811
8.80842
9.28175
8.84872
9.28165
8.69175
9.06092
9.11101
9.13935
8.83744
9.08373
9.05098
9.06569
8.91889
9.02
8.83435
8.77298
8.7965
8.93529
8.60528
8.78746
8.85833
8.79078
9.0512
9.01686
8.71471
8.9454
9.1841
8.61581
8.94068
9.28002
8.88272
9.28766
8.97443
8.96094
9.04946
8.83705
9.04816
8.70708
9.36387
8.70814
8.85036
9.04121
8.82513
8.90745
8.56157
8.87531
8.71664
8.85272
8.95489
9.44768
8.57776
9.08852
9.07814
9.21867
8.51166
8.84682
8.58658
8.984
9.12358
8.80931
8.97884
9.06394
8.58542
9.06191
8.57983
8.80028
8.85497
8.91034
8.99277
9.19689
8.84334
9.01138
9.34291
8.8821
8.8344
8.92371
9.2209
8.77264
8.94224
8.98984
9.02786
8.94165
8.79035
8.84476
9.4645
9.15226
9.0247
9.13358
9.17239
9.03701
8.90994
9.1788
9.01459
9.14898
9.08699
8.98944
9.38217
9.14533
8.84965
8.69616
9.1704
9.0797
9.09077
9.24938
9.06038
8.9592
8.91404
8.99358
8.96277
9.11662
9.19424
8.84951
8.94914
9.0738
9.07399
9.02573
8.73001
9.00309
9.14077
9.18741
9.1044
8.90088
8.86928
8.40354
8.78422
8.72667
8.86719
8.62766
8.64675
9.00021
9.27902
9.04687
9.16498
8.85542
9.16454
8.85918
8.92834
8.99797
8.75609
9.20439
8.85918
9.24166
9.22333
8.95227
8.897
8.94193
9.24623
9.20981
9.31321
9.26959
8.43145
8.64644
9.23988
9.56824
9.05867
9.37028
8.86447
9.13768
8.83442
8.89481
8.91187
9.13084
9.12393
9.30419
9.21774
8.97874
8.84818
9.03138
9.1351
9.0734
9.10708
9.2058
9.36985
9.17725
9.2327
8.51478
8.82043
9.38502
9.31035
9.22524
9.55238
8.82011
9.05313
9.38002
9.39062
9.44394
9.21142
9.47487
8.45339
9.23454
9.61507
9.45128
9.45816
9.21809
9.27074
8.73842
9.28231
9.33407
9.11268
9.16657
9.18436
9.17508
8.97823
9.40098
9.24577
9.17349
9.3696
8.84913
9.01924
9.54204
9.08857
9.00563
8.8729
9.37684
9.35963
9.32104
9.22243
8.90092
9.46115
9.13661
9.05479
8.89675
9.17929
9.25787
9.05401
8.91011
8.96118
9.03847
8.89578
9.28537
9.11534
9.04157
9.17267
8.88305
9.00025
8.98139
8.86741
9.16286
9.26709
8.71131
8.85456
9.25523
8.90891
9.20738
8.99391
9.25998
8.68825
9.02435
8.99903
9.5099
9.13868
9.51046
9.3114
9.11637
9.23447
9.46249
9.14992
8.87828
8.69335
8.96237
8.87035
8.42044
9.44753
9.35651
9.32207
9.24263
8.84112
9.18838
9.32027
8.79158
8.89773
9.17613
9.15792
8.8091
9.2452
9.14761
9.1944
9.19933
8.99078
8.65486
9.00583
9.30116
9.35036
9.47546
9.39316
9.14229
9.11583
9.01599
9.08918
9.52734
9.26457
9.30797
9.30071
9.27225
9.1158
9.43487
9.19794
9.17767
9.0066
8.92241
9.14823
9.16547
8.91412
9.42938
9.11096
9.1461
9.39298
9.59148
9.234
9.14267
9.75336
9.38178
9.29452
9.11377
8.92344
9.20599
8.92636
9.28448
9.0226
9.7392
9.24275
9.4724
9.10939
9.4171
9.26082
9.3193
9.53807
9.09254
9.2034
9.77443
8.97674
9.58165
9.25127
9.25675
9.20571
9.19467
9.22267
9.22474
9.256
9.44424
8.75544
9.26662
9.32092
8.78758
8.95808
8.90507
8.73083
9.07391
9.17019
8.98987
9.0651
8.51287
9.02958
8.76897
8.51405
8.63539
8.80954
8.88603
8.97921
8.63734
8.43788
8.80145
8.93286
8.81641
9.16152
8.57185
8.72339
8.46057
9.20769
8.6418
8.85798
8.76285
8.69572
8.90818
8.96298
8.5474
9.24957
8.89523
9.27309
9.05808
9.11039
8.85685
8.59218
8.88122
8.80838
8.89803
8.93849
9.21847
8.72169
8.9634
8.72089
8.89046
8.896
8.69817
8.87907
8.75443
8.58992
8.91461
9.27811
8.89965
8.76269
8.7672
9.13936
9.13466
8.86001
9.01076
8.77912
9.18461
8.89797
9.41036
9.02774
9.04248
9.57991
8.6602
9.37962
9.21049
8.66616
9.11105
9.20087
9.36726
9.70835
8.6511
9.07106
9.02885
9.17422
8.99435
9.26174
9.01879
9.24791
9.04367
9.54085
9.14093
9.07064
9.21593
9.04218
9.18868
9.29676
9.32225
9.75496
9.45037
8.69561
9.17538
9.29558
9.47265
9.18883
8.98212
9.32624
9.45757
9.55051
9.25038
9.25699
9.3335
8.92801
9.13483
9.37085
9.06852
8.94495
9.27899
8.80103
9.45223
8.77187
8.8606
8.96496
9.25958
9.15588
9.03269
8.83164
9.27667
8.81572
9.03911
9.10977
8.70164
8.99309
9.18052
9.159
9.38919
8.9261
9.23355
9.08648
8.88355
9.16177
9.32257
9.16934
9.09615
8.89124
9.07429
9.06006
8.93959
9.38838
9.03364
9.20516
9.12117
8.88033
9.22333
9.26825
9.10905
9.14497
9.00502
9.25786
9.66053
9.2007
9.3156
8.71943
8.98992
8.92763
8.69448
9.10128
9.06166
9.08969
8.79911
8.89567
8.8041
9.33059
8.6925
8.90885
9.0193
9.33677
9.12949
8.78939
9.22798
9.04693
9.19399
9.12872
9.18373
9.01947
9.22543
9.16216
9.18264
9.00652
9.38582
9.18376
9.08969
9.31065
9.00191
8.94258
8.98598
9.32075
8.67241
9.27592
9.42541
9.28331
9.1423
9.28157
9.18232
9.2041
9.23577
9.44084
9.25827
9.22762
9.15303
8.71722
9.42587
9.3544
9.2379
9.33391
9.23204
8.9054
9.08697
9.19918
9.07162
9.319
9.20319
9.12254
9.54505
9.12408
8.62455
9.4467
9.42702
8.89877
8.73816
8.88428
9.06211
8.93891
8.75226
8.81689
8.6786
9.1362
8.9525
8.94595
8.98363
8.8651
9.04903
8.99936
8.78888
9.22047
8.96815
8.95793
8.86386
8.85263
8.95555
8.85704
8.92197
9.00021
9.0263
8.87839
9.03553
9.09114
9.02008
9.21492
8.80534
8.8812
8.9954
8.8746
8.93365
9.17795
8.96166
9.533
8.95285
8.92379
9.16254
9.1734
8.97087
9.26337
9.23975
8.85292
9.15209
9.15073
9.15687
8.66303
9.07965
9.03416
8.93719
9.06031
9.30235
9.02544
8.66576
8.83843
8.94846
9.1352
9.08874
8.75252
8.92822
8.83423
8.87999
8.75398
8.58705
8.9888
9.20961
9.21813
8.63633
8.99354
9.35931
9.11109
8.87439
9.19629
8.607
9.02581
9.05445
8.99151
8.9863
9.26025
9.18179
9.23466
9.35201
8.87555
8.76753
9.10174
8.92146
8.82401
8.98392
8.94625
9.19312
9.4774
8.97111
8.66832
8.95476
9.13577
9.13092
9.3881
9.04889
9.13593
9.10046
8.48865
9.12883
9.20036
9.14159
8.61998
9.06934
8.63904
9.24438
8.91034
8.77012
8.82966
9.15814
8.89391
9.58367
9.03183
8.90682
9.0121
8.65638
8.96947
8.90267
9.04661
9.33458
8.94078
9.08627
8.86568
9.30876
9.22791
8.85458
9.37822
9.33139
8.82796
9.02903
9.31193
8.97438
8.71868
9.33619
8.8887
9.01882
9.46096
9.01405
8.88884
9.04435
9.11089
8.83328
9.10404
8.7243
8.73669
9.23706
8.92323
9.10081
9.25668
9.08456
9.436
9.12878
8.92102
9.14611
8.94167
9.20321
8.71792
8.45261
8.84301
8.66208
9.29654
9.37095
8.97787
9.27979
9.00788
8.86817
8.90424
9.10055
8.82019
8.89428
8.95118
9.14272
8.69606
9.21717
9.30507
8.96589
9.15056
9.00672
9.15771
9.03423
8.96984
8.93667
9.12864
9.28178
9.3418
8.98515
9.36232
9.06061
9.13509
9.31365
9.26319
9.17834
9.15527
9.36895
8.9706
9.27493
9.06921
8.93787
9.01224
9.10359
9.24042
8.7352
9.39949
9.1461
9.34601
8.9731
9.28063
9.16549
9.28946
9.12074
9.4152
9.1715
9.12399
9.19526
8.71651
9.22901
9.12188
8.80311
8.92099
9.01413
9.40369
8.70073
9.15959
9.28465
9.17157
9.20461
9.21802
8.95652
9.14956
9.20729
8.98703
8.76841
9.29839
9.10629
9.21235
9.33353
8.99892
9.06483
9.53429
8.99841
9.31633
9.23287
9.08301
9.12823
9.06401
9.26143
8.88909
8.99624
9.35834
9.08743
8.82377
9.01367
9.32318
8.8166
9.22508
8.63254
9.05624
8.75017
9.26187
8.92465
9.26295
9.40311
9.20511
8.64256
9.00573
9.18279
8.83208
9.13058
8.81097
8.75827
8.84619
8.9913
9.00153
8.81532
8.98868
9.10456
9.01708
9.03276
9.15792
8.70113
9.33846
9.54267
9.0717
9.10681
8.96059
9.11184
9.29119
8.76273
8.90718
9.26233
8.91915
9.26656
9.21052
9.15059
9.17612
8.80374
9.04085
8.69346
8.44654
9.10822
8.321
8.76668
8.29892
8.7573
8.65273
9.05727
8.83715
9.13277
9.02985
8.82038
8.76799
9.0578
9.1854
8.74553
8.40097
9.0436
8.74884
8.9005
9.23486
9.04226
8.79164
8.94243
8.98275
9.06057
9.18757
8.6524
8.72582
9.29409
9.05046
9.34176
8.88564
9.29335
8.59976
8.95683
8.90286
8.44725
8.58539
8.77538
9.04311
8.98532
8.72594
8.53565
8.96879
8.6768
8.94432
8.77447
8.84743
8.72398
8.98434
8.85339
8.86084
9.23762
9.13631
9.1875
9.24009
9.29401
8.88595
9.14076
8.87287
9.36303
9.15094
9.05909
9.37775
9.1604
9.03549
8.60048
8.98705
9.05548
9.14185
9.26233
9.29762
9.02802
8.58571
9.34859
9.4762
9.40238
9.3267
9.09609
9.1695
9.34984
9.17477
8.8548
9.10987
9.16442
9.04577
9.45323
9.38171
8.79146
8.5492
9.04182
8.90028
8.87234
8.70848
8.80956
8.84612
9.03737
8.91599
8.95
9.00913
8.85787
9.11363
8.76663
9.05508
9.13363
8.74507
8.98976
8.90422
8.8993
9.02627
9.18521
8.85575
8.68394
9.21171
8.9333
9.00136
8.75633
8.69313
8.68464
9.27396
9.24117
8.88851
9.16043
9.10824
9.61557
8.88364
8.86718
9.10401
9.00996
9.04648
9.23784
8.52992
8.9476
8.70959
8.82909
8.99465
8.73041
9.20264
9.3121
9.19437
9.75056
9.29196
8.86855
9.01179
9.1391
9.41002
8.61726
9.203
9.04681
9.27572
9.5329
9.14456
9.23349
9.05257
9.39917
9.09427
9.47069
9.18925
9.19883
9.33262
9.17782
8.78789
9.08958
9.38446
9.17233
9.50389
9.21448
9.12734
9.14577
9.32034
9.13087
8.98192
9.37342
8.84697
9.26023
9.42546
8.80512
8.94738
9.1896
9.10725
8.91534
8.65148
8.9133
9.02928
9.01405
8.95428
9.06618
8.7777
8.9789
8.72843
9.04716
8.56121
8.80896
9.02915
8.62501
9.08399
8.88044
8.73892
8.76665
9.08828
9.21727
8.62664
8.94025
9.29435
8.76588
8.86692
9.09134
8.95951
9.00569
8.98804
9.05147
8.73068
9.10833
9.01371
8.68573
8.69708
8.60846
8.99516
8.98949
8.75646
8.76717
8.76435
9.0308
9.15714
8.75765
8.96286
9.11028
8.93277
9.14584
8.93626
8.62058
9.06535
9.20459
8.81911
8.98165
8.76221
9.20586
9.17834
9.08368
9.27638
8.85097
8.81782
9.09199
9.06719
8.93361
9.21772
8.59672
8.93954
8.73859
9.44128
8.45388
9.27675
9.03979
9.47077
9.36405
8.57687
8.56262
9.01346
9.12856
9.07246
9.30001
8.8697
8.81463
9.37438
9.1194
8.94483
9.21336
9.29845
9.38672
9.02653
9.01438
8.76482
9.1757
9.38051
9.30722
8.62134
8.6734
9.03018
8.93766
9.0258
8.75082
9.17564
9.4756
9.3239
9.1293
8.76995
9.11556
9.01565
8.80699
9.27764
8.67626
9.13875
9.34335
8.839
8.91266
9.2758
8.64496
9.0603
9.21369
9.30774
8.8555
9.24241
9.52184
8.96747
8.61059
8.96694
9.12095
9.43469
9.178
9.16408
9.23812
9.23746
8.4829
9.27646
9.30629
8.91481
8.93086
9.13523
9.07967
8.98671
9.08702
9.04217
8.9501
9.09654
9.03193
8.97304
9.24538
8.99591
8.9467
9.09383
9.64498
9.19039
9.51688
9.16514
8.76968
8.90805
8.69542
8.72781
8.84583
9.05451
8.97016
9.11974
8.9554
8.90714
9.10389
8.89015
9.02961
8.92672
9.27046
8.97896
8.85134
8.91936
9.33792
9.28713
9.12548
9.01552
9.15358
8.91629
9.16139
9.10707
8.83994
9.38846
9.01623
9.142
8.96035
9.38583
9.14254
9.13399
9.14696
8.8611
9.424
9.08925
9.35918
9.3144
8.81906
9.14463
8.92753
9.09574
9.09724
9.31169
9.06218
9.46532
8.17108
9.09892
9.12133
8.87406
9.02012
9.16874
9.08171
9.19523
8.91722
9.38438
9.25823
9.19004
9.17331
9.3667
9.63397
9.45408
9.02743
9.48312
9.2153
9.64778
8.98724
9.48781
8.87082
8.88078
9.31286
9.75776
9.45992
9.39729
9.29055
9.24308
9.5224
9.30637
9.15814
9.37964
9.16067
9.49013
9.49375
9.14771
8.99878
8.85002
9.16252
9.4138
8.90537
9.04423
8.81376
9.17598
9.15866
9.01949
8.80882
8.76831
8.88162
9.07039
9.32754
9.36306
9.19552
9.1629
9.23324
9.10418
8.78362
8.45815
9.08929
8.89924
9.01659
9.19023
9.04023
9.18172
9.57949
9.12838
9.115
9.00095
9.244
8.70105
9.2681
9.13378
8.97363
8.65091
8.98591
9.35849
9.21245
8.932
8.92131
9.05709
8.95362
9.10602
9.10894
9.16918
9.31207
9.45359
9.37693
9.0001
9.21989
9.31204
9.19838
9.10911
9.27961
9.01591
9.0757
9.07417
9.48668
9.46491
9.51483
9.21702
9.55009
9.13774
9.40424
9.08222
9.23422
9.18262
9.47116
9.14639
9.1232
9.16892
9.164
9.12212
9.24022
8.99455
9.31515
8.88831
8.81773
9.38496
8.79389
9.37489
9.4734
9.22561
9.21778
9.59072
9.39653
9.02071
8.92597
9.56212
8.79244
8.97567
9.42439
9.30295
9.3188
9.40315
9.01427
9.34942
8.92518
9.07152
9.31046
9.42728
8.73526
9.30763
9.04024
8.98176
9.05238
8.89053
8.9304
8.9791
9.20603
8.84064
9.39605
9.11031
9.37399
8.83457
8.98524
9.09203
8.80715
9.0904
9.05815
9.27415
8.87448
8.57582
8.93853
8.88544
8.65264
8.97078
9.07004
9.25479
8.83972
8.90025
9.14805
8.77255
8.75151
9.21109
9.55215
9.14277
8.88825
9.39227
8.88036
9.02213
9.09034
8.9065
8.84756
8.92604
9.01935
8.90898
8.80971
8.91293
9.17357
9.10201
8.97235
8.91963
9.08853
9.02014
8.81214
8.88586
9.30946
9.06809
9.18802
8.87366
9.08433
8.81046
8.57611
8.93781
9.20949
8.67361
9.11142
8.74769
8.77468
9.35015
8.95423
8.93511
9.12211
8.97083
9.198
9.20783
8.94033
9.39105
9.00859
9.26312
9.33883
9.09707
9.30847
9.06492
9.43134
8.98209
9.72569
9.10807
8.87062
9.19164
9.54732
9.36834
9.11404
8.95252
9.29235
9.42397
9.25095
9.17203
9.42015
9.10134
9.22284
9.32503
8.98677
9.00655
8.94136
9.14345
9.16489
9.00929
9.37474
9.08869
9.11022
9.30432
8.81576
9.26504
9.12899
9.07758
8.93357
9.16403
8.63022
8.98158
8.81625
9.24702
9.57199
9.21839
8.48906
8.72479
9.34143
8.88776
9.28632
8.78728
8.76523
9.21258
9.21567
9.01699
8.85027
8.92792
9.22812
8.84872
8.69356
8.76416
9.05897
8.82818
9.18041
8.89746
9.11659
8.82554
8.78878
8.94275
8.93089
8.7395
8.94602
9.50588
8.84782
9.49238
8.75596
9.28506
8.77565
8.57671
9.02826
9.10247
9.01221
9.29272
8.94653
9.00064
8.32108
8.59624
9.3379
8.8387
9.14491
9.26482
9.00151
8.75915
9.17511
9.21619
8.89031
9.06172
9.20718
8.77097
8.69284
9.27451
9.13347
9.50305
9.17852
9.01387
9.14288
9.1681
8.74881
8.98578
9.23309
8.98447
8.91148
9.13347
9.3973
9.07188
8.90631
8.90108
8.8291
9.04863
9.27217
8.84804
9.26362
9.30429
9.16348
9.55328
8.85339
9.06999
9.3259
8.90001
9.30566
9.01179
9.20979
9.26487
9.22351
9.3462
9.31769
8.66666
9.08283
8.81945
9.35459
8.93843
9.23331
9.36631
8.83471
9.13395
8.73065
8.97319
9.02782
9.10423
8.79001
9.74957
8.9212
8.92367
8.73796
8.97403
9.02423
8.99636
8.82096
8.89106
8.96483
9.05887
8.96013
8.90374
8.42119
9.29616
9.09009
8.94251
8.95697
9.28987
8.45658
8.72343
8.76933
9.06404
8.89748
9.17419
8.65607
9.19046
9.57733
9.13587
9.12365
9.32038
9.00197
9.47633
9.10578
9.30934
9.22687
9.16129
9.33608
8.80996
8.64303
9.35531
9.22371
9.50941
9.13989
9.27981
8.80417
9.13001
9.03022
9.40245
9.35627
9.33826
8.97507
9.18368
9.08631
8.59437
9.06133
9.2901
9.59534
9.11916
9.42338
9.04823
8.89196
9.31596
8.90263
8.95961
9.26024
9.38553
9.27659
9.18834
9.38771
8.86121
8.80249
9.06768
9.19083
8.64109
9.12423
9.36098
8.97747
8.70616
8.76342
9.15064
9.47307
9.3741
8.98283
9.14259
8.99663
9.26171
8.89221
8.793
9.35842
8.93624
8.98091
8.94994
9.16447
9.14433
9.17679
8.92418
8.74562
9.18589
9.55762
9.34025
9.2224
8.59938
8.98353
9.26817
9.14295
9.24543
9.32123
9.21369
9.02265
9.33938
9.13372
8.78131
8.991
9.32093
8.3144
9.08928
8.99834
9.01286
8.89808
9.69123
9.31145
9.39331
9.22633
8.87843
9.25559
9.36188
9.22825
9.38657
8.9906
9.04683
9.1655
9.18058
9.07442
9.13643
9.19582
9.60917
9.07023
9.64369
9.05054
8.99691
9.01286
9.38077
9.31244
8.9152
8.78545
9.5021
9.14469
9.25331
9.21821
9.37261
9.35365
9.16624
9.36446
9.22783
8.82544
9.24893
9.29401
9.01538
8.99373
8.94503
9.05749
9.26888
9.28394
9.00551
8.94234
8.95488
9.2464
9.24555
9.16353
8.89777
8.91401
9.28153
9.28091
9.02682
9.02904
9.39888
9.16061
9.06927
9.14224
9.29373
8.92712
9.30996
9.14259
9.24144
9.5408
9.49917
9.38205
9.23381
9.29583
9.57935
9.51362
8.89473
8.6549
9.47012
9.44085
9.17452
9.4768
9.40361
9.05327
8.80931
9.68906
8.95558
8.83182
8.89896
8.88605
9.4095
9.56883
9.24652
8.74997
8.67328
8.84155
8.90333
8.70686
8.82079
9.01706
9.17655
8.84721
8.58155
8.98242
8.9641
9.47099
8.8484
8.75878
8.83069
9.47835
8.77567
9.00097
9.14282
8.94986
9.08143
9.07677
9.02429
9.11246
8.66348
8.69808
9.31151
9.31641
9.24667
9.01211
8.96562
9.31374
9.21257
9.01443
9.20283
9.04134
9.04211
8.74534
9.32936
9.27153
8.67201
8.70404
9.35039
9.44603
9.26587
8.90987
9.32861
9.04118
9.20264
9.46485
9.29812
9.28772
8.81983
9.16252
8.8985
9.05466
8.7577
9.18012
9.57243
9.0227
9.53724
8.82979
8.90346
9.02153
9.06271
9.52584
9.17746
9.21382
8.96976
9.35413
8.75948
9.25543
9.1683
9.31004
9.53524
9.11252
9.54933
9.31751
9.28477
9.07597
9.35532
9.25496
9.14421
8.91633
8.74247
9.0018
9.21124
8.90601
9.36378
9.10879
9.46359
9.01317
9.07119
9.42547
9.17563
8.93589
9.03637
9.25428
8.93176
9.13596
9.16748
9.20493
9.02429
9.34525
9.21742
8.96629
9.4577
8.88725
8.67944
9.15096
9.63833
9.07318
9.07949
9.19322
9.35336
9.0156
8.55154
9.14141
9.01887
9.33011
8.81616
9.07593
9.26654
9.1008
8.98432
8.74486
9.11017
9.0215
8.87633
8.96188
8.87194
8.65424
8.54138
8.92762
8.97688
9.2012
9.35745
8.91916
8.92621
8.96223
8.91139
8.94542
9.16077
9.28932
8.91741
8.71802
9.02932
8.76854
9.19887
9.31518
9.03559
8.68676
9.27164
9.10226
8.83509
8.83047
9.00334
8.72956
9.24483
8.94368
8.91785
9.23974
8.77817
