12.9511
12.6024
12.7386
12.6743
12.9728
12.7047
12.8171
12.6157
12.8038
12.3721
12.6651
13.0336
12.9678
12.7937
12.9367
12.355
13.0532
12.5074
12.5049
12.9525
12.6144
12.4446
12.1725
12.7485
13.1613
12.5995
12.7922
12.641
12.5082
12.4746
13.0665
12.7409
12.6486
13.1546
12.846
12.7367
12.8102
12.7402
12.8475
12.4448
12.6436
12.8257
12.8952
12.6802
12.4864
12.3977
12.8623
12.6506
12.3241
12.7132
12.6456
12.7455
13.0035
12.6008
12.4014
12.4766
12.9777
12.6985
12.8707
13.0491
12.6144
13.0963
12.6735
12.9917
12.9367
12.6977
12.6513
12.3514
12.8477
12.7016
12.7296
12.6678
12.7631
12.6886
12.5147
12.3701
12.6508
12.4499
12.5461
12.4047
12.7795
12.9478
12.835
12.7471
12.6791
12.9377
12.7693
12.9366
12.4724
12.6339
12.4581
12.6459
12.6406
12.4205
12.8525
12.7827
12.8245
12.9147
12.741
12.9992
12.8544
12.7307
13.0224
13.2204
13.1357
13.0614
13.1144
13.2599
13.0695
13.4657
12.7709
12.9113
12.9589
12.6232
12.717
12.845
12.799
13.2616
13.2695
13.1066
12.5771
13.0588
12.7553
12.7235
12.856
12.441
12.5571
12.8617
13.1817
12.8858
12.8848
12.5339
12.7037
13.3156
12.6165
13.2775
12.7799
13.1221
12.8045
13.1738
13.259
13.1464
12.418
12.7586
12.9184
12.7293
12.7154
13.1916
13.1863
12.2946
12.8121
12.516
12.6721
13.0919
12.8938
13.0107
13.2457
13.0804
13.1776
12.8005
13.2537
12.606
13.1558
13.0269
12.9364
12.6943
13.0668
13.0522
12.831
12.4085
13.0135
13.2459
12.4268
13.2292
13.1456
13.1344
12.9532
12.7913
13.0372
12.7466
12.841
12.4955
12.9231
13.1963
12.9456
13.069
13.3973
12.8528
12.7842
13.1769
12.4376
13.0155
12.9234
12.7578
12.9774
12.9619
12.7718
13.2933
12.4603
13.1937
12.9331
13.2647
12.8032
12.9373
12.9508
12.8136
13.1939
13.1843
12.7662
12.5216
13.034
12.9463
12.7498
12.8535
12.9181
12.798
12.8266
12.9799
12.9304
12.7371
12.8083
12.8271
12.5634
12.6597
12.8884
13.3253
12.5615
12.8995
12.7294
12.8234
13.1309
12.8043
12.7936
13.1796
12.8644
12.7405
12.716
12.6553
13.046
12.6918
12.9451
13.1765
12.5595
12.808
13.3426
12.8848
12.8047
13.269
12.9842
12.9112
13.0414
12.9691
12.8248
12.6798
12.8729
12.7466
12.6342
13.0969
13.1254
12.9769
12.6519
12.8078
12.7959
12.7413
13.209
12.8308
12.6114
12.604
12.9413
12.6733
12.6528
13.0622
12.6606
12.8547
13.137
13.5186
12.9248
12.8022
13.1087
12.7747
13.0928
13.0335
12.9183
13.1734
12.6228
12.7255
12.7489
12.8771
12.6521
13.0625
12.9096
12.9337
13.121
13.1005
12.8788
12.883
12.7745
13.4175
12.7699
13.1776
13.0138
12.9924
12.9309
12.9113
12.8691
12.901
12.6448
13.1931
12.7033
12.754
13.0561
13.2613
12.8844
12.7837
12.8448
13.1838
12.7553
12.6137
12.4011
12.7759
12.8526
12.9898
12.8879
12.8463
12.5
12.8497
13.0934
12.7955
13.1094
12.7405
12.9775
12.6872
13.1917
13.1568
13.0248
12.7002
12.7152
13.1976
12.6599
12.6016
12.8235
12.6171
13.0488
12.9525
12.612
12.8509
13.0655
12.5291
12.7927
12.923
12.9628
13.0048
12.9327
13.3186
12.6936
12.9538
12.677
12.7864
12.7513
12.7784
12.6842
12.6543
12.7336
12.9827
12.7107
12.7881
13.0783
13.1722
13.0062
12.7615
13.2471
12.5719
12.5402
13.0411
12.6163
13.3586
12.7611
13.2457
13.0539
12.7245
12.5964
12.845
13.0375
12.7766
12.9797
13.0692
12.9656
12.5903
13.0549
12.5655
12.9454
13.1359
13.2753
12.9792
13.118
12.9055
12.7171
13.013
12.7836
12.9796
12.8348
12.8921
13.1907
12.72
12.6429
12.9268
12.8641
13.062
12.6107
13.0465
12.842
12.6762
12.4669
12.7214
12.6336
12.5021
13.0082
12.791
12.9096
12.9165
12.82
13.0135
12.7031
13.0022
12.9302
12.457
13.1037
13.4805
13.0217
13.1399
12.701
12.634
13.2759
13.072
13.0206
13.1948
13.305
12.8848
12.9886
12.4393
12.4518
13.1708
12.754
13.0505
12.9655
12.8443
12.9937
13.0214
13.5791
13.0539
13.1045
13.0726
12.9069
12.6544
12.9847
12.8808
12.974
12.6954
12.627
12.6256
12.6938
12.9503
12.7191
12.6411
13.0569
13.12
12.7936
13.2718
12.8231
12.9355
13.1644
12.8298
13.1268
13.062
12.8688
12.59
12.7718
12.9331
12.6709
12.7486
13.0656
12.5855
12.5822
13.2009
13.1914
12.7174
13.1567
12.9299
12.9019
12.4056
12.9838
13.1589
13.0792
12.7711
12.6779
13.086
12.6004
12.0545
12.7454
13.1372
12.9727
12.6124
12.6972
12.5069
13.1161
12.9595
13.0229
12.7942
12.5918
12.8112
12.7129
12.5486
12.5295
12.5287
13.0517
13.0577
12.7675
13.0607
12.6697
13.0137
13.0211
13.2945
12.9838
12.526
12.899
13.2759
13.0587
12.9392
12.7779
12.7627
12.8031
13.0643
12.9369
12.8718
13.1559
12.9711
13.069
12.9959
13.0299
12.7757
12.8736
12.6933
12.8755
12.7729
12.9544
12.8977
12.6178
12.8665
12.919
12.9464
13.0255
12.6579
12.7163
12.9066
12.8022
12.6736
13.0664
12.5612
12.5959
12.6591
12.791
13.4364
12.8326
12.4343
13.2814
13.1063
12.6595
12.8481
12.6116
12.9178
12.8347
12.7729
12.892
12.7291
12.8673
12.9826
12.6996
13.456
12.9696
12.8451
12.9352
12.3224
12.699
12.9426
12.9773
13.1344
12.8127
12.936
12.9785
12.8094
12.9864
13.0123
13.0482
12.7735
12.8277
12.4206
12.9239
13.2847
13.1598
12.6689
12.7155
12.6454
13.3224
12.9431
12.6902
12.6307
12.6798
13.331
13.0424
13.1815
12.9607
13.5124
12.997
12.993
13.0565
12.9081
12.4926
13.0841
13.4181
13.2566
12.8218
12.8902
13.0557
13.0541
13.072
13.303
13.2048
12.55
13.484
13.1359
12.7198
12.7678
12.8526
13.1769
13.092
13.2445
12.9114
12.9165
12.8167
12.8494
12.963
13.1873
12.7656
12.6541
12.375
12.8986
12.5691
12.9903
13.2458
13.3237
13.0274
12.4541
13.1309
12.837
13.2715
13.0825
12.57
13.0549
13.0163
13.2709
13.339
13.0376
12.864
12.6973
13.1417
12.9119
12.8957
12.926
12.9176
13.024
13.2702
13.1036
13.1665
12.9709
13.0237
13.3078
13.2136
13.3045
13.1337
12.6054
12.8503
13.1151
13.1521
13.0306
13.3285
13.0562
13.17
13.2693
13.0968
13.2689
12.3697
13.0731
12.7887
12.9787
13.4741
13.1467
12.9955
13.2583
13.0017
13.2527
13.1024
13.3077
13.4283
13.4434
13.4095
12.9406
13.409
13.4067
12.9153
12.9717
13.0335
13.2066
12.982
13.0978
13.2462
13.2475
13.0156
13.1684
13.0567
12.9295
12.9151
12.8022
13.168
13.189
12.9914
13.0317
12.9814
12.9217
13.205
13.0132
12.9619
13.0677
13.051
13.014
13.1462
13.407
12.9422
13.0146
12.9859
12.8706
13.6379
12.8666
12.9517
12.8528
13.2005
13.0878
13.3516
12.7722
13.2466
13.1034
13.0016
13.2151
13.0746
13.0392
13.0772
13.1479
13.1894
13.1426
13.2796
13.2169
13.0463
13.0602
13.1148
13.1883
13.2612
12.7382
12.9812
13.049
12.8564
12.8701
12.9488
12.7992
13.2735
12.6974
12.9152
13.4997
12.9301
12.9753
12.8628
12.8773
13.2508
13.0714
13.0089
12.6821
12.9565
13.4091
12.9706
13.0355
13.0178
12.9912
12.9332
12.7351
13.2732
12.9046
13.1123
13.255
13.2342
12.6056
13.2217
12.8824
12.654
12.9102
13.046
12.7863
13.1568
13.4972
13.2435
12.7048
13.3948
12.8157
12.7875
12.9771
13.0131
13.1703
12.9213
13.0976
13.0576
13.0137
13.2
12.5726
13.2161
12.882
12.5423
12.9497
13.0471
13.2225
13.0173
12.6414
13.3817
13.0116
13.3118
13.3266
13.0664
13.1812
13.0192
13.2084
13.2976
12.8515
13.0983
13.0876
13.088
13.1961
13.4952
13.3101
12.8166
13.2116
12.9124
13.1292
13.0993
13.0425
13.2637
12.9736
13.1809
13.1115
13.1456
12.8063
12.9699
13.3736
13.2029
12.9377
13.0939
12.6093
12.979
12.4362
12.5993
12.996
13.0092
13.2825
12.4189
13.1677
12.9662
12.6099
13.0858
12.5651
12.9168
12.968
13.198
13.1093
12.6798
12.8125
12.9623
12.5513
13.0285
12.8877
13.1108
13.0358
12.8795
12.7522
13.3187
12.9248
12.3851
12.9701
12.809
12.8005
12.3706
13.1527
12.9814
12.7983
13.0997
12.6017
12.805
12.7514
13.0338
13.1134
12.5864
12.6908
12.899
13.1467
13.2169
13.1241
12.9287
12.7969
12.9405
12.81
12.9862
13.2322
13.0824
12.8726
12.8552
12.8332
12.6857
12.8938
13.0142
12.8949
12.7976
13.0546
13.1628
13.4274
13.0768
12.6012
13.2128
12.7215
12.7966
13.1216
12.8499
13.0277
13.2423
13.1696
12.8758
13.4471
13.1044
12.7448
13.2199
13.1121
13.3005
12.8914
12.639
12.9719
12.9903
12.7002
12.9206
12.9079
12.2675
13.1302
13.0355
12.8658
12.8944
12.5787
13.1005
13.1217
12.9133
12.8247
12.8666
12.981
13.1376
12.8984
12.9946
12.704
12.5404
13.0127
13.0266
12.6143
12.6536
12.6728
12.9678
12.5017
13.1322
12.9036
12.5574
13.1516
12.9722
12.9849
12.7641
12.4946
12.7755
13.1096
12.8281
13.0796
12.8868
12.7716
13.0204
12.8328
12.9473
12.8846
12.9536
12.8315
13.0827
13.0119
13.1803
13.0707
12.8722
13.157
12.8951
13.0558
12.9535
12.9958
12.5156
12.9731
12.8966
13.0624
13.5073
12.8668
12.6134
12.4982
12.998
13.4977
13.2602
12.5764
12.4256
12.8715
12.9248
12.9142
12.9232
12.7101
12.9864
12.4889
12.7345
12.6679
12.6271
13.336
13.1485
13.0625
13.2037
13.4683
13.0138
12.9735
12.9352
12.8898
12.8203
13.235
13.028
12.6176
13.2979
12.8707
12.9009
13.0815
13.1795
12.9318
12.8461
13.2495
12.9263
12.6589
13.2395
12.8932
12.9845
13.0159
13.0474
13.0589
12.9202
12.8709
12.8732
12.7393
13.0785
12.661
13.3043
13.3285
13.1158
12.8596
12.8963
12.7305
12.7524
12.7444
13.6206
13.2245
13.0506
13.3198
12.6607
12.7502
12.9967
12.869
13.0506
13.243
13.049
12.8286
13.0663
12.8668
13.2676
12.9855
13.2451
13.2097
13.0776
12.8564
12.9875
13.2272
12.6904
12.915
13.0622
13.0758
13.013
13.1933
13.1225
13.2472
13.0739
13.1028
12.819
12.9081
13.2975
13.1828
13.0658
13.0215
13.235
13.0409
12.6672
12.9482
12.9037
12.9853
13.2404
13.1948
12.5805
13.1367
13.2928
12.9828
13.1086
13.19
12.7777
13.0098
13.1219
13.0627
13.2631
13.1944
13.2133
13.2529
13.118
12.8977
12.5042
12.7307
13.2257
12.8852
12.7655
13.0983
13.4081
13.1263
12.6769
12.8972
12.6149
13.0683
12.8427
13.121
13.084
12.9653
12.6186
13.0779
13.3321
13.1604
13.0259
12.8672
13.0887
12.8968
13.0065
13.2206
12.4307
12.6766
13.6853
12.8651
12.886
12.8249
12.8716
13.1022
13.2074
12.8002
13.3183
13.192
12.888
13.0472
13.3568
12.6285
13.1819
12.7545
13.019
13.3726
12.9471
12.9043
13.1606
13.0286
13.0617
12.9402
13.3616
13.4429
13.1003
12.9465
13.3175
12.7206
12.9832
12.9366
13.1511
12.9014
13.5168
13.3318
12.8924
12.8216
12.8111
13.1901
13.6575
12.9421
13.104
13.2649
13.1001
13.4212
13.3308
12.8719
12.738
12.9904
13.2639
12.4891
13.2992
13.4271
13.4854
13.0371
12.6493
12.9625
13.086
13.1207
13.1763
12.6817
13.0911
13.397
13.1904
13.204
13.3356
13.0589
13.0785
13.186
13.1045
13.2489
13.1357
13.0582
13.3244
13.1473
12.9272
12.8923
12.7049
12.6596
13.1369
12.7104
13.0226
13.5115
13.2918
13.1366
13.0869
12.5281
12.8181
13.2147
13.2307
13.6302
13.2413
12.739
13.1611
12.7085
13.5306
13.1013
13.0261
12.7045
12.899
12.8907
12.8614
13.1275
13.0478
12.9512
12.4416
12.8474
13.1168
13.1963
12.7407
13.1555
13.3491
13.2125
13.2485
13.0309
13.0721
12.9998
12.9981
12.8462
13.0978
13.1543
12.5551
13.0116
12.626
13.3724
12.9248
12.9348
13.359
12.8574
13.1633
13.1495
13.1419
12.5671
13.2201
13.0743
12.7946
12.8984
12.9849
12.8365
12.8381
12.5315
12.6681
13.0191
12.9226
12.5987
12.8995
12.7449
13.3034
12.881
12.8006
13.0205
12.3473
13.3443
13.147
12.7344
12.7557
12.997
12.7696
12.7552
13.121
13.1293
12.7074
12.7746
12.8852
12.8769
12.7365
12.8555
13.1776
12.993
13.1791
13.1812
12.698
12.7716
13.0345
12.6972
12.9323
12.7494
12.9563
12.9894
12.8033
12.7482
12.8347
12.8406
12.6998
12.7615
13.1844
12.967
13.1766
13.0389
12.7165
12.618
12.4697
12.8215
12.8522
12.9707
13.0107
13.2651
12.8345
12.9756
12.7361
12.932
12.6628
13.1137
12.7339
13.0035
12.6209
12.7167
12.7959
12.5639
12.4727
13.19
12.8016
13.0637
13.124
12.9506
13.3906
12.9252
12.5324
12.7966
12.7106
13.0396
12.6732
12.8621
13.2562
12.6301
12.7588
12.7045
12.656
12.7939
12.7734
12.4508
12.8821
12.772
12.5308
12.8076
12.5285
12.7983
13.1085
12.8433
12.628
13.0324
12.9017
12.4885
12.6016
12.5939
12.8798
12.5483
12.6377
12.4668
12.5395
12.7167
12.8728
13.1796
12.4822
12.8916
12.6452
12.8012
12.3298
12.6575
13.1436
12.9751
12.6095
13.1276
13.0819
12.6759
13.1378
12.8963
12.7626
12.8091
12.4685
12.3977
13.2078
13.1494
12.4742
12.6863
12.6465
12.5611
12.6967
12.6036
12.2501
12.684
12.8107
13.0522
13.1365
12.6096
12.732
12.9112
12.6674
12.6195
12.8095
12.4751
12.9443
12.5802
12.7211
12.8515
13.1253
12.5303
12.7519
12.7257
12.4972
12.9451
12.9551
12.1976
12.4427
13.2913
12.4171
12.872
12.9823
13.1821
12.8375
12.7866
12.7557
12.7857
12.6349
13.2829
12.9367
12.8233
13.1137
12.6864
12.9
12.8313
13.0872
12.7213
12.6024
12.9327
12.5284
13.0559
12.9532
13.0107
12.3626
12.571
12.7302
12.841
12.8674
13.0398
13.0909
12.5898
12.9496
12.6772
12.6694
13.116
12.7281
13.0741
13.3242
12.386
12.8552
12.8489
12.7352
13.0437
12.7727
12.5052
12.8569
12.7654
12.6843
13.1687
12.87
12.5616
12.846
12.9813
13.3307
13.0619
13.4441
12.5632
12.9766
12.9001
12.9204
12.7297
12.8537
12.7823
13.3975
12.7844
12.843
12.8355
12.9251
12.4668
12.9287
13.0472
12.8761
12.9291
12.6325
12.221
12.8683
13.035
12.6872
12.5591
13.0593
12.9745
12.9283
12.9216
12.8692
13.138
13.0105
13.0597
13.1924
12.6478
13.074
12.8775
12.9709
13.2566
13.2938
12.5638
12.8302
12.7622
13.222
12.8629
12.9587
13.1147
13.1335
13.2021
12.9244
13.3803
12.8804
13.0706
12.843
12.9239
12.5811
13.1135
12.5806
12.9713
13.0319
13.0228
13.0791
12.7046
13.1285
13.6619
12.9515
13.0649
13.3643
12.5842
13.387
12.6042
13.0147
12.7052
13.1151
12.8855
12.799
12.8447
12.8486
12.8203
13.1321
12.9885
13.1517
12.9598
12.8751
12.6755
12.427
13.195
13.1111
13.2496
12.8556
12.4953
13.4819
13.1479
13.0786
13.0193
13.2669
13.0901
12.9864
13.2335
12.9047
12.8832
13.1179
12.7378
12.673
13.1201
13.1991
12.2002
13.2351
12.7151
12.7849
12.5602
12.5446
12.3135
12.7887
12.6375
12.4798
12.4475
12.9458
12.6216
12.6812
12.6166
12.4501
12.5776
12.4098
12.518
12.872
12.6241
12.8847
12.8135
12.7517
12.7024
12.8658
12.5496
13.0431
12.8016
12.5758
12.4171
13.1625
12.6096
12.5731
12.7379
12.4162
12.5121
12.7831
12.7209
12.8734
12.9627
12.8247
13.0434
12.672
12.7956
12.5913
12.7904
12.2335
12.7874
12.6572
12.254
12.6284
12.3941
12.5967
12.8069
12.5312
12.7817
13.0656
12.5144
12.3114
12.2204
12.8351
13.0748
13.2781
12.6772
12.758
12.5928
12.6352
12.4888
12.6409
12.8575
12.3927
12.5015
12.4193
12.4905
12.7916
12.6565
12.6397
12.4117
12.8268
12.6106
12.8861
12.8883
12.9451
12.62
12.9514
13.2535
12.6959
12.6017
12.6888
12.0788
13.1702
13.0883
12.8205
12.8315
12.8064
13.0028
12.8848
12.8696
12.9517
12.8906
12.9818
12.3891
13.3848
13.1474
13.1533
12.6928
12.9473
12.9824
12.6854
12.6768
13.2879
13.12
13.0239
12.8114
12.339
12.6074
13.2135
12.9472
12.7556
13.1324
12.9477
12.9608
13.2066
12.9509
13.0176
12.8908
12.8103
12.4759
12.2375
12.8531
12.939
12.8029
12.4917
12.9106
12.6258
12.5003
12.7789
13.295
12.7986
12.6901
13.1726
13.1439
12.8653
12.7282
12.3519
12.8821
12.5454
12.9428
13.0653
13.0743
12.6106
12.8553
12.6153
12.5357
12.7825
12.8055
12.901
12.7703
13.4375
13.2466
13.1856
13.0681
12.922
12.9479
13.0426
12.5703
12.7818
13.0309
12.615
13.1521
12.9269
13.2182
12.9744
12.9797
12.7191
13.1733
13.3784
13.2508
12.8458
13.0208
13.2178
13.2543
13.0829
13.003
12.8814
13.0499
13.1643
12.8629
12.7436
13.1966
13.1802
12.7975
13.2302
13.001
13.0666
13.2951
13.227
13.1855
12.8819
13.1262
12.7296
13.0838
13.1382
13.0027
13.0997
12.7206
12.9995
13.0729
12.8761
13.2646
13.1794
13.0515
12.8348
12.9825
12.8934
13.005
13.1537
13.2734
13.0554
12.8306
13.2728
13.6276
13.1895
12.6568
13.4001
12.9149
13.1834
12.9013
12.988
12.9369
13.0394
12.9608
13.0275
12.8712
13.154
13.0052
13.1005
12.9974
13.0277
12.6821
12.5655
12.3143
12.5855
12.8975
12.9205
12.2354
12.7327
13.1142
12.4804
12.4799
12.6673
12.7401
13.0531
12.4633
12.6841
12.9799
13.1758
12.4294
12.8679
13.0159
12.9353
13.0481
12.7024
12.504
12.9338
12.6181
12.4226
13.2479
12.8353
12.6115
13.2637
12.5686
12.5422
12.5512
12.763
12.6074
12.5981
12.94
12.853
12.8779
12.8545
12.8055
12.7536
12.7735
12.6138
12.7271
12.9008
12.7381
12.7789
12.4003
13.0948
12.7539
12.8105
12.8584
12.7023
12.7723
12.3311
12.8387
13.0062
12.9987
12.6153
12.9898
13.0849
12.6647
12.2725
13.0365
12.9331
12.8471
12.8015
12.7119
12.8679
12.7458
12.825
12.4142
12.8008
13.1717
13.0685
12.5815
12.7952
12.9994
12.7486
12.7302
12.9652
12.8529
13.1141
12.7396
12.7906
12.833
12.6209
12.9573
12.8711
13.1323
13.0397
12.8287
13.0261
13.1331
13.0785
13.0339
12.5937
12.7278
12.9434
13.1807
12.3902
13.2638
13.1646
12.8349
13.007
13.3015
12.8532
12.9269
13.326
13.0333
13.1343
12.7245
12.6871
13.3122
13.254
12.5454
13.036
13.1333
12.5579
12.8944
12.4071
13.0041
12.5404
13.1223
12.2347
12.6649
13.0477
12.7461
12.5712
12.9731
12.8022
12.937
13.2213
13.1533
12.9176
13.1033
13.0107
12.982
12.6027
13.0705
13.0061
12.9575
12.7273
12.7334
13.2765
12.7373
12.9638
13.1743
13.0492
12.6032
13.1701
13.272
12.5875
12.7899
12.4386
12.6004
12.5201
12.5996
12.5904
12.5715
12.8609
12.6274
12.7755
12.813
12.7648
12.7471
12.9273
12.7598
12.637
12.7535
12.5767
12.6566
13.1823
12.4746
12.9937
13.111
12.935
12.4297
13.0303
12.7695
12.7412
12.6201
12.6448
12.5055
12.5135
12.8862
12.6612
12.4384
12.8898
12.9606
12.7945
12.7388
12.6731
12.8606
12.5915
12.6214
12.817
13.0746
12.9212
12.5663
12.4268
12.7937
12.7586
12.4971
12.9249
12.7376
13.1076
12.8852
13.0148
13.0378
13.0603
12.5897
12.4465
12.7803
12.9442
12.5503
12.999
12.6683
12.8405
12.8236
13.0101
12.4728
12.6545
13.0936
12.5824
12.6894
13.0663
12.8486
12.9608
12.568
12.6227
12.2817
12.3691
12.9196
12.9495
12.6437
12.7778
12.6866
12.7878
12.7889
12.8663
13.0028
12.6313
12.9064
12.7345
12.6389
13.0998
12.8746
12.9325
13.0637
12.7418
12.6297
12.9831
13.4441
13.2876
12.474
13.0499
12.4179
12.8873
12.7627
12.7428
12.8887
12.8373
12.6077
13.061
12.8862
13.0063
12.7798
12.6525
12.8021
12.9276
12.8122
13.0005
13.0691
12.6161
12.3341
12.5201
12.8588
12.4643
12.7886
12.7402
12.87
12.5398
13.1136
12.989
12.9574
12.7309
12.7175
13.1981
13.0509
12.8226
12.9321
12.9211
12.5293
13.1705
13.0347
12.8451
12.776
13.085
13.0407
12.8997
12.6589
13.1907
12.4162
13.0604
12.8693
12.8849
12.9989
13.0353
13.011
12.8949
12.47
12.6051
12.408
12.9318
12.8655
12.7093
12.9862
12.8098
12.8538
12.9386
12.9807
12.6613
12.8373
12.9676
13.0375
12.7542
13.3002
13.1261
12.9238
12.847
12.7149
12.6644
12.8542
12.6561
12.7429
12.8044
13.14
13.0948
12.804
12.5566
12.957
12.8876
12.7543
12.8838
12.5899
13.0134
12.8325
12.8617
12.6881
12.8964
12.7828
12.9069
12.7413
12.8519
12.7029
12.6407
12.5969
13.1642
12.8944
12.8824
13.0336
12.8505
12.8738
13.0424
13.03
13.2709
12.7737
12.8735
12.6972
12.9529
12.573
12.7477
12.5591
12.8082
13.1554
13.3098
12.1793
12.056
12.1349
12.6571
12.7478
12.9583
12.6661
13.1163
12.3549
12.6671
12.6195
12.6212
12.9027
12.8809
12.7881
13.0505
12.7159
12.7034
12.5566
12.5577
13.0821
12.3868
12.7355
12.5235
12.8262
12.3832
12.8273
12.4745
12.6527
12.8233
12.8395
13.0878
12.7583
12.815
12.6945
12.8129
12.8991
12.7826
12.8569
13.001
12.8666
12.4119
12.6574
12.8484
12.9594
12.6801
12.0399
12.6743
12.6038
12.8596
12.9341
12.857
12.4656
13.0143
12.6592
12.7002
12.5652
12.9242
12.5832
12.6029
12.3298
13.0817
12.6292
12.7909
12.7501
12.5491
12.8107
12.7045
12.7757
12.8317
12.2815
12.573
13.1101
12.7831
12.7336
12.962
12.701
12.9232
12.7102
13.0178
12.8234
12.6943
12.9257
12.6433
12.919
12.4057
12.7864
13.2561
12.9314
13.3913
12.6215
12.6273
13.1976
12.6537
12.6844
13.1365
12.9593
12.7175
13.1327
12.7201
12.7232
13.2832
12.8873
13.2715
13.0958
13.1393
12.7864
13.1033
13.4373
12.8539
12.839
13.0577
13.1661
12.7413
13.2087
12.5857
12.768
12.5233
12.7839
13.057
12.8799
12.933
13.523
13.1254
12.7956
12.9131
12.5973
13.1247
13.0835
12.96
13.191
12.9465
13.1116
12.6613
12.8054
12.8874
12.9043
12.6798
12.9739
12.9432
12.9071
12.9149
12.8939
12.8647
13.0947
12.3103
12.8267
12.7994
12.3029
12.685
12.4082
12.8947
12.8465
12.4382
12.8554
12.4189
12.6605
12.4493
12.3183
12.7477
12.8027
12.4324
12.6083
12.9384
12.4247
12.6482
13.2468
12.8426
12.4059
12.6441
12.3611
12.6284
12.7051
12.6985
12.6491
12.8682
12.1985
12.8517
12.6097
13.018
12.8263
12.572
12.556
12.8174
12.5706
12.573
12.599
12.7487
12.4808
12.8032
12.6965
12.8623
12.7671
12.6816
12.5849
12.4579
12.486
12.9346
12.6398
12.6823
12.5519
12.8564
12.63
12.7244
12.7966
12.3782
12.6542
13.0121
12.6164
12.8416
12.7587
12.7492
12.2128
12.3133
12.6046
12.2879
13.1871
13.1183
12.907
13.0478
12.8879
12.5968
12.6745
12.5832
13.1352
12.8008
12.807
12.6594
12.6389
13.0881
12.6011
12.2845
12.9181
12.7118
13.0385
12.3765
12.9564
12.904
12.7277
12.9346
12.4244
12.6098
12.5661
12.4675
12.9962
13.1641
12.5243
12.9406
13.1605
12.6971
12.8024
13.0186
12.8789
12.8671
12.2102
12.9886
12.9115
12.759
12.5928
12.39
12.3807
12.7966
12.5587
12.7806
12.7511
12.9071
12.7396
12.9336
12.8458
13.0708
12.5923
12.7234
12.9858
12.904
12.9424
12.7947
12.3475
13.0794
12.9416
12.178
12.8496
12.8861
12.4885
12.6654
12.998
12.847
12.6905
12.771
12.6124
13.1136
12.8619
13.1268
12.8231
13.1554
12.8198
12.9145
13.0445
12.9618
12.9973
13.3204
12.942
12.9093
13.2981
13.0603
12.9129
13.2096
12.9091
13.1213
12.7408
12.9539
12.939
13.2631
12.3938
12.7476
12.867
12.9951
13.3555
13.1599
13.3328
12.9416
12.9219
13.1494
12.9951
13.1097
13.3455
12.9137
12.9167
12.7877
12.9669
13.3927
12.8471
13.0936
13.0711
12.817
13.0942
12.927
12.9583
13.2667
13.0075
12.8624
13.1976
13.1322
12.9844
13.3302
13.1345
12.9426
13.1075
13.0605
13.0433
12.5303
12.7174
13.0569
12.7716
13.093
13.1528
12.6129
12.6378
12.9151
12.7149
12.9713
12.9617
13.0871
12.9703
12.5872
12.8435
13.0722
12.9104
13.2388
12.8674
13.0297
13.0213
12.8295
12.8047
13.2741
12.839
12.7887
13.1052
12.5928
12.7325
13.3559
12.87
12.8734
13.1392
13.0025
12.9214
12.8068
13.1243
12.7226
12.4905
12.6371
12.6995
13.0939
12.8942
13.0348
13.1897
13.1631
12.9912
12.5739
12.4933
12.7005
13.4868
13.2198
12.954
13.1032
12.8498
13.1159
12.8617
12.6468
13.0968
13.039
12.9311
12.6984
12.9159
12.7914
13.0152
12.9837
12.961
13.0807
12.7139
13.3406
12.9162
13.0437
13.1964
12.8706
12.934
13.2646
12.9855
12.7545
13.1921
12.6542
13.0894
12.4672
12.9927
12.9058
13.0805
12.6048
13.4208
12.8698
12.6306
12.7152
13.108
12.9321
12.661
12.9661
12.3766
12.6915
12.7955
12.812
12.4138
13.0243
12.8968
12.7983
12.6782
12.8734
12.8196
12.7473
12.8843
12.8612
12.6079
12.7991
12.9652
12.7117
12.7326
12.7638
13.0293
12.8937
13.028
12.9918
12.5499
12.8132
12.516
13.1087
13.4771
13.0218
12.5201
12.7095
12.8768
12.9604
12.6821
12.7807
12.2931
12.5841
12.9422
12.6573
12.9893
12.9547
12.6464
12.5489
13.0363
12.8749
12.7696
13.0208
12.7834
12.9194
12.7544
12.7781
12.6732
13.0825
13.1219
12.7543
12.7421
12.9977
12.8784
12.8043
12.7002
12.9157
13.0357
12.9594
13.1859
12.9666
12.5342
12.7147
12.6803
12.4912
12.9171
13.0333
12.7257
12.8693
12.6964
13.0426
13.1788
12.6915
12.665
12.6813
12.895
12.6499
12.9722
12.5923
12.8777
13.0176
12.8116
12.3758
12.8272
13.1619
12.7688
12.832
12.8612
13.3676
13.166
12.7995
12.3684
13.074
13.0971
13.0444
12.6605
13.1185
12.6812
13.1087
13.0148
12.8176
12.7624
13.0271
13.0927
13.0578
12.8269
13.2877
12.5198
12.8323
13.071
12.9982
12.6351
12.7961
12.6768
12.7981
12.714
12.3747
12.6689
12.5871
12.8418
12.2697
12.9191
12.8888
12.8449
13.1281
12.8747
12.7483
12.6928
12.9335
12.7152
12.8336
12.6706
13.031
13.1233
12.463
12.5572
12.5911
13.3408
12.8973
12.8195
12.9389
12.6188
12.2177
12.8471
12.559
12.9848
12.9316
12.6726
12.98
13.306
13.0467
12.8899
13.42
13.0044
12.8107
13.004
12.6352
13.0394
12.541
12.8504
12.6245
12.4718
12.7117
12.7762
12.9986
12.9245
12.9784
12.822
12.6983
13.1674
13.2781
12.6429
12.865
12.622
13.0672
13.05
12.9243
12.4409
12.8309
13.0416
13.0745
12.3147
12.7684
12.6218
13.2679
12.7574
12.7071
12.3967
13.1583
13.0914
12.9854
12.8868
12.8538
12.7715
13.0197
12.9911
12.9544
12.9586
12.7346
12.8477
12.9326
13.1768
12.9071
12.5186
12.2142
13.0958
12.685
12.795
12.7682
12.7947
13.1783
12.5496
12.9716
12.7426
12.926
12.6669
13.1797
12.7047
13.0501
13.3287
12.4841
13.0935
12.6593
12.9316
12.8431
12.7805
12.4816
13.0337
12.9032
12.4734
13.045
13.0243
12.7031
12.7714
12.8604
13.2221
12.6366
12.5624
13.6667
12.7622
12.711
12.8004
12.8135
13.0087
12.4088
13.0956
12.787
12.799
12.5556
13.2564
12.8161
12.7979
13.0236
12.6163
12.8982
12.9623
12.9469
12.8906
12.7834
13.0249
13.1898
13.356
12.9512
12.9958
13.0115
12.7464
12.619
12.3721
12.9333
12.7369
12.728
13.048
12.9521
12.7326
13.0938
12.9172
12.8423
12.8292
12.8071
12.9435
13.331
13.3353
12.3994
12.6649
12.4494
12.8164
12.9921
12.5381
13.1274
12.8978
12.8391
13.2972
12.7385
12.9184
12.6079
12.7742
12.6962
12.6455
13.2056
12.7361
12.9684
12.584
12.878
13.4143
13.1296
12.8392
12.5129
12.8689
12.8902
13.1053
12.5349
13.1187
12.7262
12.8763
13.124
12.6457
12.4764
12.7267
12.2199
13.005
12.5071
12.7329
13.0166
13.253
12.8665
12.5403
12.7038
12.9368
13.2459
12.5793
12.4087
12.8579
12.8459
12.6286
12.6089
12.8803
12.7759
12.7201
13.4269
12.6925
12.6177
13.0245
12.984
13.2471
12.5434
13.0264
13.0209
12.8058
13.2147
13.0918
13.2144
12.5089
12.876
12.6361
12.7054
12.6478
12.8019
13.231
13.226
13.2228
13.1422
13.0799
13.1288
12.6339
13.079
12.8961
12.9961
13.0219
12.7151
13.0057
12.8268
12.7461
13.1926
12.6587
12.7769
13.2368
12.925
13.1473
12.5474
13.2217
13.5894
13.0498
12.8012
12.9394
12.9076
12.7547
12.6087
13.0662
12.6766
12.5994
12.8138
12.9066
13.1068
12.8466
12.5659
13.0388
12.257
13.0832
13.0321
13.1886
13.1008
12.9929
12.8658
13.2799
12.5806
12.9288
12.9151
12.7428
12.7449
13.0044
12.8955
12.9135
12.6977
12.787
13.1494
12.9562
13.1543
12.8214
12.724
13.0588
13.0849
13.4896
12.9546
12.5449
13.0041
12.8119
13.1772
13.0068
12.8929
12.9858
12.9329
12.989
13.4557
12.8759
12.9887
13.2672
12.7637
12.944
13.3909
12.7833
13.2765
13.4434
12.3899
12.846
13.0268
12.7438
12.8099
12.8371
12.7961
13.1875
12.9259
12.717
12.9404
13.3086
12.8702
12.824
13.4909
13.0504
13.0758
13.3315
13.0705
12.7943
12.7741
13.0455
12.9398
12.9863
12.7534
13.3436
12.8886
12.9516
13.3019
12.9433
13.0995
13.0438
13.1037
13.1739
12.7661
13.2415
12.872
13.0954
13.1771
13.0066
12.783
13.0075
13.2976
12.974
12.5415
12.8644
12.8639
12.9113
12.5813
13.111
12.9878
13.4442
13.1586
13.0496
12.476
13.2141
12.6188
12.7812
12.9358
12.8657
13.0576
12.802
13.1379
12.8016
12.9152
13.0577
12.5367
12.6408
13.078
13.0982
12.6811
12.8549
12.8737
13.0308
12.7997
12.7298
12.8928
12.6346
12.9333
12.7362
12.7014
13.1952
12.8125
12.9157
12.9584
12.6661
13.1267
13.4019
13.0676
12.8187
12.7762
12.9547
13.2277
12.7343
13.0266
12.8805
12.8957
13.224
13.2434
13.2363
12.5339
13.2178
12.8728
12.7224
13.0163
12.5794
12.7705
13.1585
12.7476
12.4338
12.8276
12.6811
12.5837
12.9193
12.5648
12.7979
13.1406
12.8187
12.7843
12.757
12.841
12.9114
12.9568
13.1175
12.6314
12.6489
12.7199
12.7886
12.7763
12.9474
12.769
12.7937
12.7238
13.2128
13.1411
12.722
12.9439
12.5959
12.7477
12.8505
12.9019
12.5524
12.8192
13.0528
13.047
12.7383
12.7762
12.8273
12.6127
12.4821
12.4474
13.2543
12.7938
13.0209
12.4522
12.7566
13.2543
12.9331
12.8448
12.8871
13.3115
12.7548
12.9106
12.7421
13.7777
13.2587
13.1287
13.3672
12.9889
12.7713
13.1551
13.2911
12.6887
13.242
13.066
13.1291
13.4017
12.6058
13.077
13.1686
12.7965
12.9734
13.1713
13.0809
13.0818
13.0868
13.297
12.9302
13.1313
12.8984
12.9392
12.9946
13.173
12.9197
12.8417
13.3399
13.4433
13.2403
12.9501
13.0735
13.1713
13.1149
13.0683
12.9938
13.0159
12.7188
13.0663
12.8794
13.142
13.4309
12.9534
12.9818
13.5335
12.9424
13.0967
13.0659
13.2806
12.832
13.0325
12.6948
13.2495
12.8646
12.7782
12.9736
12.7973
12.8348
12.9529
12.913
13.0251
13.4013
13.0343
12.7306
12.9738
12.9924
12.9139
13.1989
13.0016
13.0812
13.2042
12.8151
13.4043
13.2096
12.5393
12.8323
12.8677
12.7864
13.0392
12.8919
12.7782
12.9693
13.3968
13.5201
13.1228
12.7933
12.9191
13.3769
12.8698
13.0607
13.1227
12.8876
12.9697
12.7999
12.9052
12.9937
12.7192
13.0162
13.1921
12.7801
12.7249
12.7134
12.7874
12.8983
12.8823
12.8935
13.1535
13.7745
13.2556
12.82
13.4272
12.4476
13.1156
13.1989
12.8219
13.0665
12.9953
12.9379
13.1242
13.3574
12.6278
12.9297
13.0517
12.8568
12.8914
12.7583
12.7865
12.905
13.0258
12.694
12.5914
12.7438
13.1301
13.3527
12.8711
12.6493
12.7229
13.1659
13.3725
13.3031
12.9747
12.8588
12.7296
12.9881
12.6919
12.9793
13.0052
12.639
12.8512
12.979
13.1702
13.2454
12.928
12.9352
12.7379
13.0684
13.5255
12.8779
12.6919
12.4812
12.5322
13.074
13.1761
12.6487
12.7302
12.6905
12.5909
12.3305
12.607
12.9531
12.6519
12.5229
12.669
12.3856
12.5406
12.3916
13.0203
12.2706
12.6549
12.7485
12.7733
12.34
12.584
12.1153
12.757
12.61
12.7319
12.9501
12.9966
12.7988
12.5912
12.9889
12.9304
12.771
12.6316
12.4987
12.7133
12.7567
12.793
12.7001
12.9063
12.8309
12.6905
12.8551
12.5142
12.7315
12.8405
12.6311
12.8645
12.8011
12.5347
13.1853
12.4772
12.502
13.0063
12.7727
12.7907
13.1269
12.9356
12.5721
12.7682
12.8325
13.2331
13.0137
13.0531
12.8645
12.8285
13.0695
12.9513
12.9028
12.928
13.0009
12.8149
12.7236
12.9705
13.2471
12.5241
12.7533
13.0119
12.6155
13.0574
13.0838
12.9983
13.0316
13.103
13.0691
13.2649
12.6411
12.4
13.2316
12.5088
12.7115
13.1256
12.6503
12.9503
12.5851
12.7352
12.9664
12.9564
13.3775
12.8074
12.9583
13.1178
13.2267
12.8387
12.5108
13.2968
12.7327
12.7059
12.7145
12.8208
12.876
12.8046
12.7054
13.1736
13.1046
12.8757
12.8975
12.9332
13.1235
12.9263
13.2034
12.6328
12.963
12.6283
12.9276
12.8213
13.4221
13.0607
12.9099
12.9902
12.6994
13.1525
12.8458
12.9275
12.8918
13.4099
12.9844
13.9411
13.1805
12.8923
13.4199
12.606
13.4645
12.8646
12.4457
12.9126
12.7005
13.0457
12.8299
13.0936
13.3667
12.7666
13.0047
13.0075
13.1159
13.0706
13.1555
13.1316
12.6008
12.9931
12.4169
12.3578
13.105
12.9403
13.14
12.6683
12.9496
12.6878
12.4577
12.5704
12.6215
12.5262
12.8112
12.6519
13.1023
12.7056
13.1411
12.9688
12.3574
12.8854
12.965
12.782
12.6798
13.3135
12.7325
12.6375
12.8108
13.2112
12.6813
12.5574
12.488
12.66
13.0459
13.1242
12.7512
12.8668
12.7913
12.4531
13.0084
12.9662
12.7069
12.8781
13.1018
12.7192
12.9124
12.9446
13.2066
12.5376
12.4706
12.7708
12.6512
12.756
12.5913
12.7727
12.7196
12.7294
12.8701
12.7109
12.86
13.0425
12.9354
12.8695
12.6941
12.6333
13.0765
12.4803
12.8601
12.8833
12.2774
12.562
12.7965
12.8466
12.7485
12.9231
12.9481
12.8317
12.6881
13.0261
13.3719
12.8024
12.5827
12.9043
12.626
12.8915
12.9729
12.6257
12.5752
12.4713
12.9609
12.7482
12.8235
13.2487
12.807
12.709
13.0372
12.8405
12.6922
13.25
13.1499
13.3149
13.1113
13.3332
13.0553
13.2735
12.9994
13.4438
13.421
13.1998
13.4978
13.4443
13.279
13.024
13.0547
12.8711
12.9793
13.1412
12.9274
12.8587
12.7115
13.0753
13.1153
13.0281
13.1685
12.9078
13.0567
13.4762
13.1289
13.1399
12.8959
13.1024
12.9524
12.9765
13.3306
13.0195
13.1062
13.1958
12.7975
13.0224
13.31
12.7496
13.3378
12.9212
12.8591
13.0468
13.6827
13.2473
13.4505
12.9969
12.5377
13.064
12.7903
12.9542
12.9618
12.825
12.7453
12.739
12.9735
12.8607
12.9239
12.6549
13.1177
12.7523
13.0213
12.6543
12.608
12.831
12.6458
12.9335
12.5996
12.8929
12.8604
13.1209
13.0654
13.0433
12.6815
13.1731
12.7141
12.9483
13.0143
13.0998
13.1145
12.9792
13.0179
12.8013
13.1045
13.2778
12.9568
13.1705
13.0721
12.7619
12.9002
13.0452
13.053
13.0353
12.4934
12.8771
12.9749
12.9157
13.0362
12.7039
13.0259
12.7844
12.7523
12.9782
12.6732
13.0173
12.8214
12.9419
12.8378
13.1674
13.1784
12.8839
12.3836
13.0919
12.768
13.1736
12.9573
13.3724
13.0136
12.6832
13.1484
12.64
13.0324
12.7105
12.6716
12.8257
12.8696
12.5564
13.2197
12.9194
12.8254
12.6034
13.067
12.756
12.6487
12.7137
12.7808
12.8124
12.5782
12.609
12.5929
12.7615
13.0356
13.0147
13.1368
13.6808
12.9689
13.0048
12.9384
13.4882
12.3994
13.3026
12.8762
12.6861
13.1102
13.084
13.121
13.3523
12.8438
13.2692
13.407
12.8282
13.2343
13.2648
12.7717
12.8682
13.1896
12.9198
13.1356
13.2206
12.7978
12.8584
13.2677
13.0998
13.1572
12.7403
13.111
12.8951
13.3561
13.049
13.1449
13.1319
13.2759
13.1786
13.0349
13.0275
12.6425
12.9114
12.5317
12.9341
13.1006
12.911
12.733
12.6778
12.7922
13.0392
12.5992
12.8975
12.3327
12.4736
12.8992
12.9278
12.7507
12.6782
12.9276
12.7313
12.0728
12.423
12.7231
12.7678
13.146
12.7623
12.611
12.9451
12.4068
12.0433
12.4078
12.3364
12.7684
12.7346
12.6401
12.3658
12.9896
13.3762
12.2942
12.8738
12.2641
12.5272
12.7774
12.7604
13.0434
12.4824
12.8234
12.6256
13.2178
12.4568
12.7353
12.8243
12.8912
12.8917
12.8576
12.324
12.5996
12.7448
12.5733
12.9944
12.9121
12.6019
12.7646
12.8659
12.8959
12.8483
13.1036
12.0983
12.9335
13.0416
12.8139
13.0061
12.7704
12.7133
12.8192
12.8518
12.9522
12.9651
12.8481
12.6059
12.2696
13.0171
12.8544
12.9075
12.7234
12.5194
12.8206
12.6949
12.6391
13.0445
13.273
13.2062
12.7857
12.7704
13.0954
13.0858
12.9935
13.2415
12.7825
12.5224
12.6672
12.7181
13.0484
12.7002
12.4448
12.7699
12.9178
12.7584
13.2378
12.9562
12.6053
13.0279
12.6248
13.0609
12.7542
12.7899
12.913
12.9368
13.0459
12.9107
13.1322
12.7437
13.0762
13.0819
13.0842
12.743
12.8602
13.2237
13.1052
13.0899
12.9292
13.1517
12.9618
13.0334
13.0203
13.1226
12.7901
12.9542
13.2598
13.0318
12.6323
12.9297
12.759
13.2426
12.88
13.1415
12.8537
13.0048
13.0677
12.9139
12.872
13.0038
12.5451
12.7919
12.7864
12.8767
12.9901
12.7804
12.9645
13.1794
12.8408
13.3344
13.2896
13.011
12.5689
12.6841
13.1038
12.8348
13.2894
12.7529
12.7229
13.1066
12.9673
13.0595
13.2193
13.078
12.682
13.0013
13.352
13.2129
12.6187
12.7633
13.006
12.8094
13.0236
12.7235
12.6299
12.6296
12.9912
12.9456
12.6864
12.9315
12.8729
12.8502
13.1245
13.3198
12.9282
13.4998
13.1391
12.6961
13.1823
13.2466
13.1288
13.1858
12.7301
12.6748
12.7973
12.5973
13.3834
12.608
12.9837
13.1128
13.1406
13.3234
12.733
13.153
13.1943
13.0444
13.2698
13.3121
13.021
12.3674
13.2893
12.9255
13.0313
12.8665
13.0305
12.4966
12.9108
12.8668
13.0802
12.7616
13.0623
12.9459
12.9565
13.2092
13.099
13.5518
13.0609
12.4796
13.263
12.8194
13.0109
13.3379
13.0093
12.5507
12.6742
13.308
13.2797
12.9353
13.321
12.9056
13.1614
12.9949
13.2502
12.9373
12.8776
12.4388
13.1244
13.2412
12.7134
12.8235
12.9244
12.5807
13.066
13.2411
12.6521
12.7141
12.6109
12.7839
12.7399
13.3121
12.7256
12.8218
13.4542
12.8811
12.7759
13.0798
12.9269
13.1806
12.9184
13.0805
13.0452
13.0475
12.7247
12.5534
13.2031
12.5036
12.9133
12.9914
12.8961
12.8379
12.7765
13.0992
12.7558
12.6951
13.0352
13.0629
13.0105
12.8122
12.713
12.9373
12.92
12.7366
12.8046
13.1151
12.5944
12.6767
13.2407
13.2763
13.1489
12.7941
13.2858
13.2249
13.1698
12.7881
12.8652
12.6629
12.7101
13.2027
13.0483
12.6437
13.061
12.992
12.8681
13.076
12.9082
13.0323
13.0761
12.705
13.2163
13.3911
13.2355
13.0023
13.1557
12.9028
12.54
12.9983
12.9738
12.8934
12.8689
12.6961
12.9682
13.2791
12.9555
13.6225
12.8147
13.076
12.7236
13.1152
12.7617
12.9842
13.0473
12.7291
12.8671
13.386
12.912
12.8376
13.0957
13.0098
12.9292
13.4274
12.8439
13.0447
13.0481
13.0363
13.1814
12.9858
13.1064
13.0296
13.0564
12.8795
12.5013
13.0739
13.2036
12.9627
12.652
13.0414
13.1872
12.3415
12.9476
12.8724
13.2559
13.0471
12.5398
12.9576
13.3561
12.9791
12.8402
12.6049
12.8873
12.7563
12.8468
13.2078
13.0805
12.8793
12.8159
13.0958
12.8583
12.9764
12.9669
12.9601
13.1286
13.1017
13.1163
13.5326
12.9976
12.8012
12.6733
12.5971
12.8563
13.1757
13.2593
12.9227
12.8704
12.9072
13.0934
13.0459
13.0268
12.7679
13.0791
12.9887
13.1446
12.9338
12.7984
13.4521
13.2954
13.4019
13.0548
12.7944
12.7451
13.1121
13.3152
12.8943
13.04
13.3301
13.2223
12.7926
13.3271
12.7693
12.6645
12.9623
12.6631
13.2279
12.7578
13.3123
12.5867
13.033
12.8829
12.9686
13.3762
12.8614
13.0721
12.8481
12.7646
13.2324
13.1563
13.0885
12.8104
13.387
12.971
13.1582
13.1735
13.0614
12.9832
12.6407
13.2583
12.9549
13.1676
13.0291
12.6663
12.8642
13.0057
13.0819
12.5388
12.9927
12.9223
12.5749
12.5489
12.542
12.736
12.6796
13.0563
13.0475
12.7252
12.7524
12.7498
13.1368
12.7984
13.0114
12.9085
12.4781
13.0245
12.5872
13
12.764
12.9427
12.7953
12.8325
13.1792
13.0383
12.9476
13.0836
13.0308
12.9435
13.2494
12.7316
12.5838
12.9377
12.9428
12.6901
12.7862
12.9116
12.8897
12.3868
13.051
12.6296
12.9283
12.8049
13.0153
12.8199
13.0619
12.8458
12.717
12.7354
12.1214
12.7709
12.9487
12.9145
12.8482
12.7635
12.8839
12.9201
13.2135
13.2389
13.0267
12.569
12.8995
13.0162
12.6605
12.5021
12.6928
12.2412
12.4149
12.7983
12.4498
12.9219
12.5397
12.5749
12.7972
13.1499
12.8771
12.898
12.7806
12.6619
12.8345
12.7067
12.9623
12.6655
12.5992
12.4909
12.7973
12.7211
12.5796
12.5576
13.1668
12.7627
12.5308
12.7881
13.1453
13.2517
13.2978
12.8082
12.729
12.6508
13.1764
12.9537
13.2792
12.8475
13.0009
12.9233
13.4363
13.3181
12.9395
12.5039
12.9954
13.1271
12.6882
12.9397
12.3809
12.693
12.7559
12.9071
13.1662
13.1287
12.8485
12.7266
12.7241
12.9507
13.1775
13.3509
12.8964
12.9445
13.2603
12.9884
12.9804
12.9417
13.2172
12.7428
13.3816
12.8127
13.487
13.0651
12.9986
12.967
12.8391
12.9006
12.7495
12.8385
12.5325
13.1735
12.9085
12.7659
13.3786
12.9965
12.9618
12.9778
13.149
12.877
12.56
12.8222
12.9477
12.5869
12.7977
13.1532
13.1601
12.333
13.1391
12.9487
12.7813
12.9098
12.6802
13.0695
12.9012
13.3358
13.114
13.2017
12.7953
12.8611
13.0664
12.8953
12.6751
12.993
13.1068
12.7944
13.1644
12.5225
12.6602
13.0683
12.7445
12.9858
12.8682
12.2632
12.5696
12.8537
12.6464
12.7667
12.7237
12.5809
12.9772
12.2975
12.6428
13.0025
12.8502
12.5971
12.6114
12.7989
12.8066
12.4718
12.9411
12.933
12.8856
12.7869
12.9175
12.4106
12.9317
12.9889
12.5266
13.0521
13.1097
12.923
12.8583
13.054
12.8952
13.0392
13.1826
12.7324
12.8114
12.919
12.5842
12.2889
12.7749
12.8134
12.7444
12.5865
12.9931
12.6874
12.6608
12.6835
13.0505
13.1399
12.8485
12.7331
12.9087
13.0187
12.7477
13.0234
13.1361
12.8835
12.9564
12.9583
12.5079
12.8186
12.814
12.6116
12.8258
12.6574
12.5479
12.3767
12.7435
13.3517
12.9554
12.9105
12.8362
13.0878
12.7522
12.8139
12.7354
12.9431
13.0873
12.6617
12.9624
12.5201
12.5073
12.7877
13.0002
13.2111
12.775
13.0802
12.6669
13.0434
12.5481
12.8846
12.8005
13.3502
12.7205
12.8552
12.6742
12.8928
12.7618
12.8113
13.1447
12.6163
13.121
13.1281
12.8974
13.2014
12.9167
13.0093
13.04
13.2151
13.016
12.6763
12.8971
13.2251
12.8511
13.0294
13.3116
12.6242
12.7601
13.4346
13.1135
13.3023
13.0889
12.8709
12.9959
13.2124
12.8824
13.1022
13.2638
12.9838
12.7656
13.209
13.1595
12.7557
13.3764
12.742
13.0219
13.1033
13.1193
12.5632
12.5607
13.3778
13.0831
12.6383
13.1225
12.9884
13.2049
12.7447
12.6868
12.7582
12.785
12.819
13.5779
12.5879
12.6102
12.6468
12.7597
12.6571
12.7758
13.11
12.9537
12.7
12.4628
13.0873
13.015
13.2272
13.1695
12.7309
12.9077
13.0497
13.0536
12.644
13.138
13.2455
12.7805
12.5736
12.9022
12.3837
12.7177
13.165
13.1465
12.8815
12.9289
12.9918
13.5233
13.1275
12.6358
12.7442
13.1048
13.3024
13.236
13.0945
13.3474
12.9314
12.7267
13.0103
12.8268
13.1172
13.247
12.7714
12.8238
13.3489
13.4537
13.216
13.3701
13.0172
13.2455
13.0619
13.3395
13.2249
13.0651
12.777
13.1167
13.3426
13.1892
13.0135
12.9018
13.2687
12.8931
13.3612
12.9136
13.1748
13.2826
13.2725
13.364
13.2308
13.28
13.2783
13.3136
12.8353
13.1128
12.7989
12.8093
13.1065
13.5623
13.0904
13.4972
13.1791
13.0754
13.0542
12.9406
12.6632
12.7514
12.7263
12.8524
12.5208
12.9029
13.5218
12.5304
12.7167
12.6975
12.5618
12.9103
13.0214
12.9196
12.6612
12.5901
12.7195
12.5972
12.6662
12.9349
13.0077
12.9161
13.157
12.4741
12.6778
12.7063
13.182
13.4901
12.8967
13.0063
13.1956
13.4334
12.8603
13.2066
13.1085
12.9737
13.1065
12.8651
13.0061
12.698
12.8506
13.4629
12.765
12.6436
12.9186
12.7491
13.0092
13.2964
12.8739
12.7175
13.0889
12.9128
12.8171
12.7576
12.9308
13.3866
13.1295
13.0275
12.5887
13.0902
12.8654
13.0383
12.7633
12.9667
12.7742
13.1028
13.2095
12.7885
12.8005
12.8474
13.0615
12.9795
13.1236
13.2532
12.9406
13.2599
12.9949
12.9244
12.7825
12.8222
12.8876
13.0821
12.9948
13.0892
12.7102
12.8603
12.9615
12.8512
12.9373
12.5564
12.8508
12.5741
12.6442
12.5096
12.6063
13.1155
12.774
12.6169
12.8308
12.6294
13.1784
12.7886
12.9212
12.9895
13.0656
13.0137
12.7604
13.2176
13.0564
12.7738
13.442
12.8435
13.0486
13.5641
12.5025
12.7811
12.9963
13.1191
13.2643
13.0599
12.7465
12.822
13.008
12.8
12.8852
13.2102
13.1232
12.7515
13.1951
13.037
13.0403
12.8498
13.243
